LabVIEW Measurement	
Writer_Version	2
Reader_Version	2
Separator	Tab
Decimal_Separator	.
Multi_Headings	Yes
X_Columns	One
Time_Pref	Absolute
Operator	labuser
Date	2023/05/24
Time	11:29:42.4965078874997472605
***End_of_Header***	
	
Channels	1	
Samples	610	
Date	2023/05/24	
Time	11:29:42.4965078874997472605	
Y_Unit_Label	Volts	
X_Dimension	Time	
X0	0.0000000000000000E+0	
Delta_X	0.008197	
***End_of_Header***		
X_Value	Voltage	Comment
0.000000	1.685743
0.008197	1.681602
0.016393	1.683832
0.024590	1.694981
0.032787	1.678098
0.040984	1.684151
0.049180	1.687336
0.057377	1.673002
0.065574	1.683832
0.073770	1.687655
0.081967	1.680965
0.090164	1.691796
0.098361	1.689884
0.106557	1.711545
0.114754	1.674276
0.122951	1.685106
0.131147	1.686062
0.139344	1.680328
0.147541	1.675869
0.155738	1.690840
0.163934	1.680328
0.172131	1.684469
0.180328	1.677780
0.188524	1.672046
0.196721	1.687655
0.204918	1.680010
0.213115	1.671409
0.221311	1.680965
0.229508	1.685743
0.237705	1.691158
0.245901	1.688929
0.254098	1.691477
0.262295	1.681921
0.270492	1.692114
0.278688	1.689884
0.286885	1.682876
0.295082	1.684151
0.303278	1.681602
0.311475	1.687973
0.319672	1.683514
0.327869	1.684151
0.336065	1.681921
0.344262	1.677461
0.352459	1.680647
0.360655	1.682876
0.368852	1.682239
0.377049	1.694662
0.385245	1.669816
0.393442	1.694662
0.401639	1.684469
0.409836	1.680965
0.418032	1.679373
0.426229	1.691796
0.434426	1.694981
0.442622	1.681284
0.450819	1.676506
0.459016	1.691158
0.467213	1.680328
0.475409	1.687336
0.483606	1.676506
0.491803	1.688929
0.499999	1.687655
0.508196	1.684151
0.516393	1.684469
0.524590	1.684469
0.532786	1.688929
0.540983	1.683514
0.549180	1.688292
0.557376	1.677461
0.565573	1.684788
0.573770	1.689247
0.581967	1.689247
0.590163	1.689566
0.598360	1.687655
0.606557	1.693388
0.614753	1.674913
0.622950	1.683195
0.631147	1.682239
0.639344	1.673320
0.647540	1.679691
0.655737	1.680647
0.663934	1.674913
0.672130	1.680328
0.680327	1.675869
0.688524	1.695937
0.696721	1.678735
0.704917	1.683514
0.713114	1.684469
0.721311	1.694025
0.729507	1.676824
0.737704	1.671091
0.745901	1.677780
0.754098	1.688610
0.762294	1.681602
0.770491	1.679691
0.778688	1.688929
0.786884	1.683195
0.795081	1.679691
0.803278	1.684469
0.811475	1.686699
0.819671	1.688292
0.827868	1.678417
0.836065	1.684469
0.844261	1.703581
0.852458	1.686062
0.860655	1.691477
0.868852	1.668861
0.877048	1.680965
0.885245	1.679054
0.893442	1.690521
0.901638	1.679691
0.909835	1.687017
0.918032	1.677143
0.926229	1.684469
0.934425	1.686062
0.942622	1.683514
0.950819	1.674594
0.959015	1.681284
0.967212	1.695937
0.975409	1.685106
0.983606	1.684151
0.991802	1.686699
0.999999	1.683195
1.008196	1.684151
1.016392	1.688610
1.024589	1.685106
1.032786	1.678735
1.040982	1.676187
1.049179	1.684151
1.057376	1.683195
1.065573	1.687973
1.073769	1.680328
1.081966	1.687017
1.090163	1.678098
1.098359	1.692433
1.106556	1.686380
1.114753	1.682558
1.122950	1.687655
1.131146	1.683514
1.139343	1.685743
1.147540	1.680647
1.155736	1.666631
1.163933	1.679691
1.172130	1.692433
1.180327	1.693070
1.188523	1.676824
1.196720	1.692751
1.204917	1.679691
1.213113	1.676506
1.221310	1.679691
1.229507	1.684469
1.237704	1.684151
1.245900	1.680328
1.254097	1.684469
1.262294	1.685743
1.270490	1.680965
1.278687	1.684469
1.286884	1.689566
1.295081	1.679691
1.303277	1.681602
1.311474	1.680010
1.319671	1.683195
1.327867	1.689247
1.336064	1.679691
1.344261	1.693388
1.352458	1.687973
1.360654	1.674276
1.368851	1.683832
1.377048	1.680965
1.385244	1.692751
1.393441	1.681921
1.401638	1.695299
1.409835	1.682558
1.418031	1.668224
1.426228	1.686062
1.434425	1.674276
1.442621	1.687017
1.450818	1.691158
1.459015	1.672683
1.467212	1.687017
1.475408	1.682239
1.483605	1.693707
1.491802	1.680965
1.499998	1.689884
1.508195	1.690840
1.516392	1.678098
1.524589	1.680010
1.532785	1.682558
1.540982	1.674276
1.549179	1.689884
1.557375	1.683195
1.565572	1.680965
1.573769	1.686380
1.581966	1.694344
1.590162	1.675232
1.598359	1.680647
1.606556	1.687336
1.614752	1.685106
1.622949	1.684151
1.631146	1.682558
1.639342	1.691158
1.647539	1.680647
1.655736	1.694662
1.663933	1.680328
1.672129	1.670453
1.680326	1.689566
1.688523	1.686380
1.696719	1.680010
1.704916	1.691477
1.713113	1.678735
1.721310	1.693070
1.729506	1.671409
1.737703	1.680010
1.745900	1.679373
1.754096	1.692114
1.762293	1.678735
1.770490	1.683195
1.778687	1.693707
1.786883	1.689247
1.795080	1.684151
1.803277	1.685106
1.811473	1.681284
1.819670	1.690203
1.827867	1.678417
1.836064	1.687655
1.844260	1.680010
1.852457	1.691477
1.860654	1.689247
1.868850	1.688292
1.877047	1.692751
1.885244	1.693707
1.893441	1.682558
1.901637	1.670135
1.909834	1.684151
1.918031	1.686699
1.926227	1.673320
1.934424	1.684151
1.942621	1.685743
1.950818	1.672683
1.959014	1.682239
1.967211	1.687017
1.975408	1.682558
1.983604	1.682239
1.991801	1.691796
1.999998	1.697211
2.008195	1.705811
2.016391	1.680328
2.024588	1.696574
2.032785	1.680965
2.040981	1.687017
2.049178	1.678735
2.057375	1.693070
2.065572	1.688929
2.073768	1.673002
2.081965	1.681921
2.090162	1.674594
2.098358	1.683195
2.106555	1.686699
2.114752	1.693388
2.122949	1.687017
2.131145	1.678735
2.139342	1.676187
2.147539	1.672046
2.155735	1.680647
2.163932	1.683195
2.172129	1.692114
2.180326	1.680965
2.188522	1.687336
2.196719	1.689247
2.204916	1.677461
2.213112	1.684788
2.221309	1.696574
2.229506	1.666631
2.237703	1.691158
2.245899	1.691477
2.254096	1.698485
2.262293	1.686699
2.270489	1.679691
2.278686	1.673320
2.286883	1.678417
2.295079	1.676506
2.303276	1.692114
2.311473	1.693070
2.319670	1.684788
2.327866	1.687017
2.336063	1.684469
2.344260	1.682876
2.352456	1.686062
2.360653	1.687336
2.368850	1.683832
2.377047	1.687336
2.385243	1.683832
2.393440	1.695618
2.401637	1.682239
2.409833	1.693707
2.418030	1.695299
2.426227	1.671728
2.434424	1.687973
2.442620	1.664401
2.450817	1.680965
2.459014	1.678735
2.467210	1.690203
2.475407	1.683832
2.483604	1.682239
2.491801	1.690521
2.499997	1.685425
2.508194	1.685743
2.516391	1.694344
2.524587	1.685425
2.532784	1.689247
2.540981	1.678417
2.549178	1.688610
2.557374	1.681921
2.565571	1.678098
2.573768	1.686699
2.581964	1.689247
2.590161	1.680647
2.598358	1.687336
2.606555	1.684788
2.614751	1.697529
2.622948	1.686062
2.631145	1.674594
2.639341	1.683832
2.647538	1.681284
2.655735	1.689884
2.663932	1.689247
2.672128	1.676187
2.680325	1.685743
2.688522	1.668542
2.696718	1.685106
2.704915	1.691796
2.713112	1.683514
2.721309	1.690840
2.729505	1.672046
2.737702	1.686380
2.745899	1.679373
2.754095	1.684788
2.762292	1.689247
2.770489	1.687017
2.778686	1.676824
2.786882	1.675550
2.795079	1.682239
2.803276	1.672365
2.811472	1.676506
2.819669	1.690203
2.827866	1.683195
2.836063	1.687655
2.844259	1.684469
2.852456	1.675232
2.860653	1.685106
2.868849	1.676506
2.877046	1.680647
2.885243	1.685425
2.893440	1.680647
2.901636	1.680328
2.909833	1.678417
2.918030	1.683195
2.926226	1.684788
2.934423	1.711226
2.942620	1.680965
2.950816	1.685106
2.959013	1.678098
2.967210	1.716004
2.975407	1.664720
2.983603	1.681602
2.991800	1.682239
2.999997	1.700396
3.008193	1.676824
3.016390	1.694662
3.024587	1.683195
3.032784	1.681602
3.040980	1.697211
3.049177	1.678098
3.057374	1.679054
3.065570	1.672046
3.073767	1.679691
3.081964	1.690840
3.090161	1.690840
3.098357	1.680328
3.106554	1.680328
3.114751	1.679373
3.122947	1.694344
3.131144	1.686062
3.139341	1.697211
3.147538	1.671091
3.155734	1.684469
3.163931	1.680010
3.172128	1.683514
3.180324	1.677461
3.188521	1.678735
3.196718	1.685106
3.204915	1.689566
3.213111	1.675550
3.221308	1.681921
3.229505	1.682558
3.237701	1.680965
3.245898	1.673957
3.254095	1.693707
3.262292	1.677143
3.270488	1.691158
3.278685	1.677780
3.286882	1.679691
3.295078	1.690840
3.303275	1.678098
3.311472	1.693070
3.319669	1.663127
3.327865	1.683514
3.336062	1.681284
3.344259	1.690521
3.352455	1.690840
3.360652	1.694662
3.368849	1.693070
3.377046	1.688292
3.385242	1.693707
3.393439	1.680328
3.401636	1.675869
3.409832	1.694981
3.418029	1.680010
3.426226	1.691158
3.434423	1.679373
3.442619	1.680328
3.450816	1.689247
3.459013	1.684151
3.467209	1.699122
3.475406	1.691477
3.483603	1.676824
3.491800	1.694662
3.499996	1.674913
3.508193	1.677461
3.516390	1.685106
3.524586	1.675550
3.532783	1.678735
3.540980	1.688292
3.549177	1.684469
3.557373	1.691796
3.565570	1.678098
3.573767	1.683514
3.581963	1.689884
3.590160	1.726198
3.598357	1.664083
3.606553	1.685106
3.614750	1.690203
3.622947	1.692114
3.631144	1.677780
3.639340	1.695299
3.647537	1.674594
3.655734	1.687336
3.663930	1.680965
3.672127	1.682239
3.680324	1.691796
3.688521	1.691477
3.696717	1.682558
3.704914	1.697848
3.713111	1.680010
3.721307	1.687655
3.729504	1.696574
3.737701	1.703263
3.745898	1.679373
3.754094	1.677143
3.762291	1.669179
3.770488	1.694981
3.778684	1.680647
3.786881	1.673957
3.795078	1.694025
3.803275	1.680965
3.811471	1.682876
3.819668	1.680328
3.827865	1.678417
3.836061	1.687973
3.844258	1.691477
3.852455	1.680010
3.860652	1.683195
3.868848	1.679054
3.877045	1.687973
3.885242	1.673957
3.893438	1.680965
3.901635	1.678098
3.909832	1.694344
3.918029	1.674276
3.926225	1.694344
3.934422	1.682239
3.942619	1.693388
3.950815	1.675550
3.959012	1.691477
3.967209	1.692433
3.975406	1.679373
3.983602	1.684788
3.991799	1.683832
3.999996	1.705493
4.008192	1.664083
4.016389	1.695618
4.024586	1.666631
4.032783	1.680010
4.040979	1.684151
4.049176	1.679054
4.057373	1.685425
4.065569	1.681602
4.073766	1.685425
4.081963	1.687655
4.090160	1.684469
4.098356	1.687336
4.106553	1.680328
4.114750	1.680010
4.122946	1.693388
4.131143	1.680328
4.139340	1.695299
4.147537	1.683832
4.155733	1.672365
4.163930	1.691796
4.172127	1.688610
4.180323	1.692433
4.188520	1.685106
4.196717	1.680965
4.204914	1.684151
4.213110	1.699122
4.221307	1.671728
4.229504	1.678098
4.237700	1.672683
4.245897	1.691477
4.254094	1.677461
4.262290	1.674276
4.270487	1.689247
4.278684	1.687655
4.286881	1.684151
4.295077	1.688292
4.303274	1.680010
4.311471	1.687336
4.319667	1.689884
4.327864	1.690840
4.336061	1.692751
4.344258	1.683832
4.352454	1.682558
4.360651	1.686699
4.368848	1.678735
4.377044	1.687336
4.385241	1.679054
4.393438	1.687973
4.401635	1.687017
4.409831	1.683832
4.418028	1.682239
4.426225	1.693707
4.434421	1.676824
4.442618	1.672046
4.450815	1.686062
4.459012	1.683195
4.467208	1.682558
4.475405	1.680647
4.483602	1.684788
4.491798	1.701670
4.499995	1.683195
4.508192	1.695937
4.516389	1.685743
4.524585	1.681284
4.532782	1.677143
4.540979	1.682876
4.549175	1.690521
4.557372	1.692751
4.565569	1.683514
4.573766	1.688929
4.581962	1.679373
4.590159	1.685106
4.598356	1.688929
4.606552	1.681284
4.614749	1.683514
4.622946	1.683514
4.631143	1.697529
4.639339	1.670135
4.647536	1.681284
4.655733	1.689884
4.663929	1.677461
4.672126	1.685743
4.680323	1.677461
4.688520	1.687973
4.696716	1.689884
4.704913	1.670135
4.713110	1.682558
4.721306	1.670135
4.729503	1.691158
4.737700	1.683832
4.745897	1.673002
4.754093	1.685743
4.762290	1.675550
4.770487	1.684788
4.778683	1.689884
4.786880	1.694344
4.795077	1.677780
4.803274	1.677780
4.811470	1.689884
4.819667	1.688929
4.827864	1.677780
4.836060	1.687336
4.844257	1.681284
4.852454	1.682558
4.860651	1.687017
4.868847	1.694662
4.877044	1.677780
4.885241	1.706448
4.893437	1.670772
4.901634	1.678098
4.909831	1.682876
4.918027	1.691477
4.926224	1.677780
4.934421	1.685106
4.942618	1.678098
4.950814	1.688610
4.959011	1.682558
4.967208	1.682876
4.975404	1.674913
4.983601	1.687017
4.991798	1.672046

