LabVIEW Measurement	
Writer_Version	2
Reader_Version	2
Separator	Tab
Decimal_Separator	.
Multi_Headings	Yes
X_Columns	One
Time_Pref	Absolute
Operator	labuser
Date	2023/05/24
Time	11:26:10.1425266874999305498
***End_of_Header***	
	
Channels	1	
Samples	610	
Date	2023/05/24	
Time	11:26:10.1425266874999305498	
Y_Unit_Label	Volts	
X_Dimension	Time	
X0	0.0000000000000000E+0	
Delta_X	0.008197	
***End_of_Header***		
X_Value	Voltage	Comment
0.000000	1.323247
0.008197	1.524563
0.016393	1.423587
0.024590	1.373895
0.032787	1.494939
0.040984	1.435054
0.049180	1.495895
0.057377	1.486657
0.065574	1.473916
0.073770	1.231190
0.081967	1.391733
0.090164	1.464678
0.098361	1.385043
0.106557	1.553231
0.114754	1.380584
0.122951	1.506725
0.131147	1.395874
0.139344	1.370072
0.147541	1.542401
0.155738	1.429320
0.163934	1.469137
0.172131	1.471367
0.180328	1.430594
0.188524	1.441425
0.196721	1.392370
0.204918	1.449070
0.213115	1.424224
0.221311	1.415942
0.229508	1.437284
0.237705	1.382814
0.245901	1.528704
0.254098	1.540809
0.262295	1.264955
0.270492	1.522015
0.278688	1.569158
0.286885	1.533164
0.295082	1.409252
0.303278	1.416897
0.311475	1.525519
0.319672	1.345545
0.327869	1.297445
0.336065	1.402882
0.344262	1.495895
0.352459	1.507681
0.360655	1.463085
0.368852	1.266229
0.377049	1.387910
0.385245	1.465634
0.393442	1.540171
0.401639	1.319106
0.409836	1.450981
0.418032	1.496532
0.426229	1.603560
0.434426	1.666312
0.442622	1.484109
0.450819	1.426772
0.459016	1.414030
0.467213	1.491117
0.475409	1.421675
0.483606	1.479331
0.491803	1.420401
0.499999	1.500036
0.508196	1.386318
0.516393	1.307639
0.524590	1.433143
0.532786	1.439513
0.540983	1.478057
0.549180	1.475508
0.557376	1.636370
0.565573	1.578077
0.573770	1.551957
0.581967	1.520422
0.590163	1.547498
0.598360	1.506088
0.606557	1.585404
0.614753	1.377399
0.622950	1.707404
0.631147	1.430594
0.639344	1.403519
0.647540	1.556417
0.655737	1.384088
0.663934	1.424224
0.672130	1.436328
0.680327	1.398741
0.688524	1.356056
0.696721	1.355738
0.704917	1.461811
0.713114	1.517555
0.721311	1.413393
0.729507	1.577440
0.737704	1.301905
0.745901	1.482198
0.754098	1.548453
0.762294	1.511503
0.770491	1.407341
0.778688	1.263362
0.786884	1.439195
0.795081	1.436647
0.803278	1.564062
0.811475	1.322929
0.819671	1.226093
0.827868	1.439513
0.836065	1.472960
0.844261	1.493983
0.852458	1.605153
0.860655	1.356694
0.868852	1.497487
0.877048	1.468182
0.885245	1.366250
0.893442	1.452255
0.901638	1.440788
0.909835	1.520422
0.918032	1.631592
0.926229	1.553869
0.934425	1.480923
0.942622	1.320699
0.950819	1.497806
0.959015	1.513733
0.967212	1.471049
0.975409	1.348093
0.983606	1.496850
0.991802	1.554506
0.999999	1.535075
1.008196	1.354464
1.016392	1.447795
1.024589	1.253806
1.032786	1.287889
1.040982	1.563425
1.049179	1.444929
1.057376	1.530615
1.065573	1.511822
1.073769	1.393325
1.081966	1.322610
1.090163	1.534756
1.098359	1.449707
1.106556	1.435691
1.114753	1.485383
1.122950	1.494939
1.131146	1.574892
1.139343	1.500673
1.147540	1.558010
1.155736	1.422631
1.163933	1.517237
1.172130	1.628406
1.180327	1.350004
1.188523	1.528386
1.196720	1.338218
1.204917	1.488568
1.213113	1.481242
1.221310	1.466589
1.229507	1.367842
1.237704	1.435372
1.245900	1.460855
1.254097	1.430913
1.262294	1.504814
1.270490	1.433780
1.278687	1.527748
1.286884	1.541446
1.295081	1.384725
1.303277	1.335033
1.311474	1.321017
1.319671	1.467226
1.327867	1.513414
1.336064	1.524563
1.344261	1.335033
1.352458	1.368479
1.360654	1.571707
1.368851	1.493983
1.377048	1.527111
1.385244	1.328662
1.393441	1.510547
1.401638	1.332803
1.409835	1.503540
1.418031	1.353827
1.426228	1.459581
1.434425	1.310824
1.442621	1.444929
1.450818	1.471049
1.459015	1.580626
1.467212	1.330255
1.475408	1.354464
1.483605	1.577440
1.491802	1.488887
1.499998	1.544631
1.508195	1.374213
1.516392	1.317513
1.524589	1.363701
1.532785	1.374213
1.540982	1.266866
1.549179	1.353827
1.557375	1.565017
1.565572	1.402882
1.573769	1.307320
1.581966	1.420083
1.590162	1.243294
1.598359	1.541127
1.606556	1.397466
1.614752	1.520741
1.622949	1.531252
1.631146	1.402882
1.639342	1.364657
1.647539	1.518511
1.655736	1.433143
1.663933	1.563106
1.672129	1.389184
1.680326	1.354782
1.688523	1.245524
1.696719	1.613117
1.704916	1.546224
1.713113	1.479331
1.721310	1.483153
1.729506	1.296808
1.737703	1.472004
1.745900	1.546861
1.754096	1.507681
1.762293	1.430594
1.770490	1.510866
1.778687	1.400652
1.786883	1.534438
1.795080	1.486976
1.803277	1.467226
1.811473	1.279289
1.819670	1.379310
1.827867	1.371346
1.836064	1.589226
1.844260	1.464041
1.852457	1.544631
1.860654	1.486020
1.868850	1.345226
1.877047	1.470093
1.885244	1.445247
1.893441	1.445247
1.901637	1.486976
1.909834	1.474234
1.918031	1.408297
1.926227	1.558647
1.934424	1.400652
1.942621	1.519148
1.950818	1.412756
1.959014	1.373576
1.967211	1.529660
1.975408	1.492391
1.983604	1.554187
1.991801	1.364020
1.999998	1.436647
2.008195	1.455759
2.016391	1.389184
2.024588	1.499399
2.032785	1.571388
2.040981	1.464678
2.049178	1.363701
2.057375	1.282793
2.065572	1.438876
2.073768	1.389503
2.081965	1.475508
2.090162	1.388866
2.098358	1.538897
2.106555	1.455759
2.114752	1.473597
2.122949	1.497806
2.131145	1.485383
2.139342	1.467545
2.147539	1.393962
2.155735	1.404793
2.163932	1.517555
2.172129	1.447795
2.180326	1.485701
2.188522	1.563743
2.196719	1.451299
2.204916	1.615028
2.213112	1.395555
2.221309	1.411164
2.229506	1.425179
2.237703	1.581581
2.245899	1.521059
2.254096	1.544312
2.262293	1.528704
2.270489	1.468182
2.278686	1.375169
2.286883	1.360835
2.295079	1.446840
2.303276	1.411482
2.311473	1.556417
2.319670	1.652934
2.327866	1.561832
2.336063	1.478375
2.344260	1.549728
2.352456	1.539216
2.360653	1.358286
2.368850	1.409252
2.377047	1.420720
2.385243	1.510866
2.393440	1.314647
2.401637	1.475827
2.409833	1.329618
2.418030	1.515325
2.426227	1.588908
2.434424	1.455759
2.442620	1.485701
2.450817	1.325795
2.459014	1.515963
2.467210	1.367842
2.475407	1.382814
2.483604	1.286615
2.491801	1.501310
2.499997	1.437921
2.508194	1.415942
2.516391	1.493028
2.524587	1.467863
2.532784	1.399696
2.540981	1.417216
2.549178	1.530934
2.557374	1.514051
2.565571	1.421675
2.573768	1.407341
2.581964	1.502584
2.590161	1.443654
2.598358	1.423268
2.606555	1.437284
2.614751	1.559921
2.622948	1.507999
2.631145	1.577122
2.639341	1.358923
2.647538	1.561832
2.655735	1.524563
2.663932	1.468500
2.672128	1.473597
2.680325	1.478375
2.688522	1.477738
2.696718	1.411801
2.704915	1.593049
2.713112	1.474553
2.721309	1.513414
2.729505	1.500354
2.737702	1.323566
2.745899	1.565017
2.754095	1.396829
2.762292	1.421357
2.770489	1.426135
2.778686	1.315921
2.786882	1.461811
2.795079	1.524563
2.803276	1.537942
2.811472	1.431550
2.819669	1.480286
2.827866	1.427090
2.836063	1.433461
2.844259	1.443654
2.852456	1.597508
2.860653	1.535393
2.868849	1.554824
2.877046	1.390459
2.885243	1.351278
2.893440	1.365613
2.901636	1.348412
2.909833	1.584767
2.918030	1.465952
2.926226	1.364976
2.934423	1.417534
2.942620	1.410845
2.950816	1.505451
2.959013	1.421357
2.967210	1.386636
2.975407	1.420401
2.983603	1.519148
2.991800	1.257310
2.999997	1.337581
3.008193	1.474234
3.016390	1.633822
3.024587	1.317513
3.032784	1.442699
3.040980	1.392051
3.049177	1.373895
3.057374	1.481560
3.065570	1.402563
3.073767	1.395237
3.081964	1.238834
3.090161	1.414986
3.098357	1.444610
3.106554	1.559602
3.114751	1.382177
3.122947	1.427409
3.131144	1.483472
3.139341	1.426135
3.147538	1.536986
3.155734	1.441743
3.163931	1.425179
3.172128	1.310187
3.180324	1.297764
3.188521	1.570114
3.196718	1.512140
3.204915	1.487294
3.213111	1.438239
3.221308	1.412756
3.229505	1.441106
3.237701	1.485383
3.245898	1.574574
3.254095	1.264318
3.262292	1.565654
3.270488	1.453848
3.278685	1.465315
3.286882	1.441106
3.295078	1.400970
3.303275	1.559921
3.311472	1.440788
3.319669	1.357649
3.327865	1.433780
3.336062	1.558328
3.344259	1.567566
3.352455	1.528067
3.360652	1.437921
3.368849	1.401607
3.377046	1.535075
3.385242	1.540809
3.393439	1.350323
3.401636	1.454803
3.409832	1.539853
3.418029	1.429002
3.426226	1.487931
3.434423	1.413712
3.442619	1.507999
3.450816	1.570114
3.459013	1.503540
3.467209	1.500673
3.475406	1.392688
3.483603	1.586678
3.491800	1.485701
3.499996	1.312098
3.508193	1.409252
3.516390	1.331211
3.524586	1.271644
3.532783	1.475827
3.540980	1.387910
3.549177	1.475190
3.557373	1.315921
3.565570	1.473278
3.573767	1.507362
3.581963	1.456396
3.590160	1.314647
3.598357	1.470730
3.606553	1.329299
3.614750	1.507362
3.622947	1.552276
3.631144	1.615346
3.639340	1.461493
3.647537	1.393325
3.655734	1.490798
3.663930	1.254761
3.672127	1.422312
3.680324	1.377399
3.688521	1.566292
3.696717	1.411801
3.704914	1.464996
3.713111	1.411801
3.721307	1.450025
3.729504	1.366568
3.737701	1.304453
3.745898	1.564380
3.754094	1.284067
3.762291	1.626177
3.770488	1.462130
3.778684	1.307639
3.786881	1.539853
3.795078	1.541446
3.803275	1.423587
3.811471	1.394281
3.819668	1.249028
3.827865	1.456714
3.836061	1.374532
3.844258	1.429320
3.852455	1.483472
3.860652	1.331211
3.868848	1.507681
3.877045	1.438239
3.885242	1.303498
3.893438	1.257628
3.901635	1.428683
3.909832	1.371665
3.918029	1.549728
3.926225	1.483153
3.934422	1.549409
3.942619	1.404474
3.950815	1.466908
3.959012	1.432506
3.967209	1.501310
3.975406	1.418171
3.983602	1.312735
3.991799	1.276103
3.999996	1.479968
4.008192	1.609294
4.016389	1.515325
4.024586	1.517874
4.032783	1.455440
4.040979	1.337581
4.049176	1.410526
4.057373	1.376124
4.065569	1.575211
4.073766	1.380902
4.081963	1.376124
4.090160	1.499399
4.098356	1.443336
4.106553	1.224182
4.114750	1.536349
4.122946	1.463722
4.131143	1.244887
4.139340	1.423905
4.147537	1.277059
4.155733	1.446840
4.163930	1.444929
4.172127	1.523289
4.180323	1.491117
4.188520	1.391733
4.196717	1.281200
4.204914	1.341085
4.213110	1.568521
4.221307	1.466908
4.229504	1.455440
4.237700	1.607701
4.245897	1.491754
4.254094	1.393007
4.262290	1.468500
4.270487	1.435054
4.278684	1.508318
4.286881	1.636051
4.295077	1.279926
4.303274	1.439832
4.311471	1.419764
4.319667	1.353190
4.327864	1.565654
4.336061	1.418808
4.344258	1.377717
4.352454	1.458307
4.360651	1.431231
4.368848	1.497806
4.377044	1.516918
4.385241	1.472004
4.393438	1.512777
4.401635	1.554824
4.409831	1.639555
4.418028	1.352871
4.426225	1.470730
4.434421	1.284704
4.442618	1.461811
4.450815	1.425498
4.459012	1.422312
4.467208	1.508636
4.475405	1.331211
4.483602	1.452892
4.491798	1.554187
4.499995	1.438558
4.508192	1.576166
4.516389	1.510866
4.524585	1.552594
4.532782	1.574255
4.540979	1.547816
4.549175	1.536986
4.557372	1.479968
4.565569	1.446203
4.573766	1.546224
4.581962	1.457989
4.590159	1.296490
4.598356	1.527430
4.606552	1.383132
4.614749	1.509910
4.622946	1.285978
4.631143	1.358923
4.639339	1.417216
4.647536	1.490480
4.655733	1.533801
4.663929	1.451299
4.672126	1.483472
4.680323	1.521696
4.688520	1.496850
4.696716	1.382495
4.704913	1.421038
4.713110	1.399059
4.721306	1.513414
4.729503	1.328025
4.737700	1.421994
4.745897	1.557372
4.754093	1.491435
4.762290	1.444610
4.770487	1.487931
4.778683	1.378673
4.786880	1.249665
4.795077	1.422949
4.803274	1.479649
4.811470	1.490798
4.819667	1.476145
4.827864	1.381540
4.836060	1.543038
4.844257	1.314647
4.852454	1.338218
4.860651	1.365294
4.868847	1.553231
4.877044	1.615346
4.885241	1.556417
4.893437	1.440469
4.901634	1.474553
4.909831	1.598782
4.918027	1.312417
4.926224	1.509273
4.934421	1.429957
4.942618	1.407660
4.950814	1.357331
4.959011	1.459581
4.967208	1.472323
4.975404	1.320062
4.983601	1.467226
4.991798	1.531889

