LabVIEW Measurement	
Writer_Version	2
Reader_Version	2
Separator	Tab
Decimal_Separator	.
Multi_Headings	Yes
X_Columns	One
Time_Pref	Absolute
Operator	labuser
Date	2023/05/24
Time	11:14:04.135562187499934156
***End_of_Header***	
	
Channels	1	
Samples	610	
Date	2023/05/24	
Time	11:14:04.135562187499934156	
Y_Unit_Label	Volts	
X_Dimension	Time	
X0	0.0000000000000000E+0	
Delta_X	0.008197	
***End_of_Header***		
X_Value	Voltage	Comment
0.000000	1.648156
0.008197	1.649749
0.016393	1.648474
0.024590	1.648474
0.032787	1.648156
0.040984	1.644970
0.049180	1.647200
0.057377	1.649430
0.065574	1.648156
0.073770	1.651023
0.081967	1.647837
0.090164	1.646563
0.098361	1.648793
0.106557	1.645608
0.114754	1.647837
0.122951	1.649430
0.131147	1.647519
0.139344	1.650704
0.147541	1.649111
0.155738	1.647200
0.163934	1.649111
0.172131	1.646245
0.180328	1.646882
0.188524	1.649430
0.196721	1.647200
0.204918	1.650386
0.213115	1.648156
0.221311	1.646882
0.229508	1.647519
0.237705	1.647519
0.245901	1.645289
0.254098	1.647519
0.262295	1.648474
0.270492	1.647200
0.278688	1.650704
0.286885	1.647200
0.295082	1.647837
0.303278	1.647837
0.311475	1.645608
0.319672	1.648156
0.327869	1.648156
0.336065	1.647200
0.344262	1.649430
0.352459	1.647837
0.360655	1.646245
0.368852	1.648156
0.377049	1.646563
0.385245	1.646245
0.393442	1.648474
0.401639	1.647837
0.409836	1.650386
0.418032	1.649430
0.426229	1.647200
0.434426	1.648474
0.442622	1.646882
0.450819	1.646882
0.459016	1.649749
0.467213	1.648156
0.475409	1.650067
0.483606	1.649111
0.491803	1.647200
0.499999	1.648474
0.508196	1.647200
0.516393	1.648474
0.524590	1.649430
0.532786	1.649111
0.540983	1.649430
0.549180	1.650386
0.557376	1.647837
0.565573	1.648474
0.573770	1.646882
0.581967	1.646563
0.590163	1.649430
0.598360	1.647519
0.606557	1.651341
0.614753	1.649111
0.622950	1.648156
0.631147	1.649430
0.639344	1.645926
0.647540	1.648474
0.655737	1.648793
0.663934	1.647519
0.672130	1.650704
0.680327	1.647837
0.688524	1.646882
0.696721	1.649430
0.704917	1.645926
0.713114	1.648156
0.721311	1.649111
0.729507	1.647837
0.737704	1.651341
0.745901	1.648474
0.754098	1.646563
0.762294	1.648474
0.770491	1.645926
0.778688	1.646882
0.786884	1.649111
0.795081	1.647200
0.803278	1.650067
0.811475	1.649430
0.819671	1.646245
0.827868	1.647519
0.836065	1.645926
0.844261	1.646563
0.852458	1.648156
0.860655	1.647837
0.868852	1.648156
0.877048	1.650386
0.885245	1.649111
0.893442	1.647519
0.901638	1.647519
0.909835	1.645289
0.918032	1.648156
0.926229	1.647837
0.934425	1.648474
0.942622	1.650386
0.950819	1.648156
0.959015	1.647519
0.967212	1.649111
0.975409	1.645289
0.983606	1.647837
0.991802	1.649749
0.999999	1.647519
1.008196	1.651978
1.016392	1.648156
1.024589	1.648156
1.032786	1.648793
1.040982	1.645608
1.049179	1.648156
1.057376	1.649430
1.065573	1.648474
1.073769	1.651023
1.081966	1.649111
1.090163	1.647519
1.098359	1.648474
1.106556	1.647200
1.114753	1.647837
1.122950	1.649111
1.131146	1.648474
1.139343	1.650386
1.147540	1.650386
1.155736	1.647837
1.163933	1.649111
1.172130	1.648156
1.180327	1.646882
1.188523	1.649111
1.196720	1.648793
1.204917	1.649430
1.213113	1.650386
1.221310	1.648793
1.229507	1.648793
1.237704	1.648793
1.245900	1.646563
1.254097	1.648156
1.262294	1.649430
1.270490	1.648474
1.278687	1.651660
1.286884	1.650386
1.295081	1.648793
1.303277	1.648793
1.311474	1.649430
1.319671	1.647200
1.327867	1.650386
1.336064	1.649111
1.344261	1.648793
1.352458	1.651023
1.360654	1.649749
1.368851	1.648793
1.377048	1.649749
1.385244	1.646563
1.393441	1.648793
1.401638	1.649749
1.409835	1.648474
1.418031	1.651978
1.426228	1.648156
1.434425	1.647837
1.442621	1.649111
1.450818	1.645608
1.459015	1.649111
1.467212	1.650067
1.475408	1.648474
1.483605	1.650386
1.491802	1.649749
1.499998	1.647837
1.508195	1.649111
1.516392	1.646882
1.524589	1.648156
1.532785	1.648793
1.540982	1.650067
1.549179	1.649111
1.557375	1.651660
1.565572	1.648474
1.573769	1.647837
1.581966	1.649111
1.590162	1.645608
1.598359	1.649111
1.606556	1.647837
1.614752	1.649430
1.622949	1.649430
1.631146	1.648474
1.639342	1.649749
1.647539	1.646882
1.655736	1.648156
1.663933	1.649430
1.672129	1.647200
1.680326	1.651023
1.688523	1.647837
1.696719	1.647200
1.704916	1.649111
1.713113	1.645289
1.721310	1.648474
1.729506	1.650067
1.737703	1.648156
1.745900	1.651341
1.754096	1.649430
1.762293	1.648156
1.770490	1.648793
1.778687	1.645926
1.786883	1.648156
1.795080	1.649749
1.803277	1.649111
1.811473	1.651341
1.819670	1.649749
1.827867	1.647519
1.836064	1.649111
1.844260	1.647200
1.852457	1.647837
1.860654	1.650386
1.868850	1.649111
1.877047	1.651341
1.885244	1.650386
1.893441	1.648156
1.901637	1.650067
1.909834	1.647519
1.918031	1.649430
1.926227	1.649749
1.934424	1.648474
1.942621	1.652297
1.950818	1.647837
1.959014	1.648474
1.967211	1.649749
1.975408	1.647200
1.983604	1.649749
1.991801	1.650386
1.999998	1.648793
2.008195	1.651978
2.016391	1.649111
2.024588	1.648793
2.032785	1.649111
2.040981	1.647200
2.049178	1.650067
2.057375	1.649430
2.065572	1.651341
2.073768	1.649430
2.081965	1.648474
2.090162	1.648793
2.098358	1.647837
2.106555	1.648474
2.114752	1.649749
2.122949	1.648156
2.131145	1.652297
2.139342	1.650067
2.147539	1.648474
2.155735	1.649749
2.163932	1.648793
2.172129	1.647837
2.180326	1.651023
2.188522	1.650386
2.196719	1.651341
2.204916	1.650704
2.213112	1.648474
2.221309	1.649749
2.229506	1.646882
2.237703	1.648156
2.245899	1.649111
2.254096	1.648793
2.262293	1.652297
2.270489	1.650386
2.278686	1.649749
2.286883	1.650704
2.295079	1.647519
2.303276	1.648793
2.311473	1.651023
2.319670	1.647837
2.327866	1.651023
2.336063	1.650386
2.344260	1.649430
2.352456	1.650386
2.360653	1.650067
2.368850	1.647837
2.377047	1.650386
2.385243	1.650067
2.393440	1.651023
2.401637	1.651660
2.409833	1.650067
2.418030	1.649430
2.426227	1.648156
2.434424	1.648793
2.442620	1.650067
2.450817	1.649749
2.459014	1.651023
2.467210	1.649430
2.475407	1.647837
2.483604	1.649430
2.491801	1.647519
2.499997	1.647519
2.508194	1.650386
2.516391	1.649430
2.524587	1.651023
2.532784	1.650386
2.540981	1.648156
2.549178	1.649749
2.557374	1.647519
2.565571	1.649111
2.573768	1.651023
2.581964	1.648156
2.590161	1.651341
2.598358	1.648793
2.606555	1.648156
2.614751	1.649111
2.622948	1.646245
2.631145	1.650386
2.639341	1.649749
2.647538	1.650386
2.655735	1.651660
2.663932	1.648793
2.672128	1.649430
2.680325	1.649111
2.688522	1.647200
2.696718	1.649430
2.704915	1.649430
2.713112	1.649749
2.721309	1.651023
2.729505	1.649111
2.737702	1.649111
2.745899	1.648474
2.754095	1.648156
2.762292	1.649430
2.770489	1.649111
2.778686	1.649111
2.786882	1.650386
2.795079	1.647837
2.803276	1.648793
2.811472	1.648156
2.819669	1.647519
2.827866	1.650067
2.836063	1.649430
2.844259	1.650704
2.852456	1.650067
2.860653	1.647519
2.868849	1.648474
2.877046	1.646882
2.885243	1.646245
2.893440	1.648793
2.901636	1.647837
2.909833	1.650386
2.918030	1.649111
2.926226	1.646563
2.934423	1.648793
2.942620	1.645608
2.950816	1.648156
2.959013	1.649111
2.967210	1.647519
2.975407	1.651023
2.983603	1.649111
2.991800	1.647837
2.999997	1.649430
3.008193	1.646245
3.016390	1.649111
3.024587	1.647837
3.032784	1.647200
3.040980	1.650704
3.049177	1.648156
3.057374	1.648156
3.065570	1.649111
3.073767	1.646563
3.081964	1.649430
3.090161	1.648474
3.098357	1.650704
3.106554	1.648474
3.114751	1.647519
3.122947	1.648793
3.131144	1.646882
3.139341	1.648474
3.147538	1.648156
3.155734	1.650067
3.163931	1.648793
3.172128	1.647837
3.180324	1.648156
3.188521	1.645608
3.196718	1.648793
3.204915	1.647519
3.213111	1.649749
3.221308	1.648474
3.229505	1.648474
3.237701	1.647200
3.245898	1.645926
3.254095	1.649111
3.262292	1.647200
3.270488	1.650704
3.278685	1.648793
3.286882	1.647837
3.295078	1.648474
3.303275	1.645608
3.311472	1.648793
3.319669	1.648156
3.327865	1.649111
3.336062	1.649749
3.344259	1.647200
3.352455	1.648474
3.360652	1.645289
3.368849	1.648156
3.377046	1.649430
3.385242	1.647519
3.393439	1.651023
3.401636	1.647200
3.409832	1.647837
3.418029	1.646563
3.426226	1.647837
3.434423	1.649749
3.442619	1.647837
3.450816	1.652615
3.459013	1.648474
3.467209	1.649430
3.475406	1.646882
3.483603	1.648156
3.491800	1.649430
3.499996	1.647519
3.508193	1.651660
3.516390	1.647837
3.524586	1.647519
3.532783	1.647837
3.540980	1.645608
3.549177	1.649111
3.557373	1.648793
3.565570	1.648156
3.573767	1.649749
3.581963	1.647200
3.590160	1.648474
3.598357	1.648156
3.606553	1.647200
3.614750	1.649749
3.622947	1.648474
3.631144	1.648156
3.639340	1.650067
3.647537	1.647837
3.655734	1.647837
3.663930	1.648156
3.672127	1.646563
3.680324	1.649111
3.688521	1.648793
3.696717	1.650704
3.704914	1.650386
3.713111	1.646563
3.721307	1.648474
3.729504	1.646563
3.737701	1.647837
3.745898	1.649430
3.754094	1.648156
3.762291	1.651341
3.770488	1.648156
3.778684	1.647837
3.786881	1.649749
3.795078	1.646245
3.803275	1.648474
3.811471	1.649749
3.819668	1.647837
3.827865	1.651023
3.836061	1.647519
3.844258	1.648156
3.852455	1.648156
3.860652	1.645926
3.868848	1.648474
3.877045	1.647519
3.885242	1.648156
3.893438	1.650386
3.901635	1.648156
3.909832	1.647519
3.918029	1.647519
3.926225	1.646563
3.934422	1.648793
3.942619	1.647837
3.950815	1.648474
3.959012	1.650386
3.967209	1.647200
3.975406	1.648156
3.983602	1.647519
3.991799	1.646882
3.999996	1.648474
4.008192	1.648156
4.016389	1.650067
4.024586	1.649430
4.032783	1.647519
4.040979	1.648793
4.049176	1.646245
4.057373	1.648474
4.065569	1.648156
4.073766	1.648793
4.081963	1.648156
4.090160	1.647519
4.098356	1.649111
4.106553	1.644970
4.114750	1.648156
4.122946	1.648793
4.131143	1.646563
4.139340	1.650386
4.147537	1.648474
4.155733	1.647200
4.163930	1.648793
4.172127	1.646882
4.180323	1.648793
4.188520	1.649111
4.196717	1.648474
4.204914	1.650704
4.213110	1.648156
4.221307	1.647519
4.229504	1.647837
4.237700	1.645608
4.245897	1.649111
4.254094	1.648156
4.262290	1.648793
4.270487	1.651023
4.278684	1.648474
4.286881	1.648156
4.295077	1.648793
4.303274	1.645289
4.311471	1.649111
4.319667	1.650067
4.327864	1.648156
4.336061	1.651341
4.344258	1.647837
4.352454	1.647837
4.360651	1.649111
4.368848	1.646563
4.377044	1.649111
4.385241	1.649430
4.393438	1.648474
4.401635	1.651341
4.409831	1.648474
4.418028	1.647519
4.426225	1.648474
4.434421	1.645289
4.442618	1.649430
4.450815	1.648793
4.459012	1.648793
4.467208	1.651660
4.475405	1.649111
4.483602	1.648156
4.491798	1.648793
4.499995	1.645608
4.508192	1.648793
4.516389	1.649430
4.524585	1.647519
4.532782	1.650704
4.540979	1.649749
4.549175	1.647837
4.557372	1.648793
4.565569	1.646245
4.573766	1.647200
4.581962	1.648793
4.590159	1.647837
4.598356	1.649749
4.606552	1.648156
4.614749	1.646563
4.622946	1.647837
4.631143	1.645289
4.639339	1.646882
4.647536	1.648793
4.655733	1.647519
4.663929	1.648474
4.672126	1.648474
4.680323	1.646245
4.688520	1.648474
4.696716	1.646563
4.704913	1.646563
4.713110	1.648793
4.721306	1.648793
4.729503	1.648156
4.737700	1.651660
4.745897	1.648474
4.754093	1.646563
4.762290	1.647837
4.770487	1.644333
4.778683	1.647200
4.786880	1.647519
4.795077	1.648474
4.803274	1.648156
4.811470	1.651660
4.819667	1.648793
4.827864	1.647519
4.836060	1.649749
4.844257	1.646882
4.852454	1.648474
4.860651	1.649749
4.868847	1.648793
4.877044	1.650386
4.885241	1.649111
4.893437	1.647519
4.901634	1.648793
4.909831	1.645289
4.918027	1.647200
4.926224	1.648793
4.934421	1.648156
4.942618	1.649111
4.950814	1.649430
4.959011	1.646882
4.967208	1.648474
4.975404	1.646245
4.983601	1.646245
4.991798	1.648474

