LabVIEW Measurement	
Writer_Version	2
Reader_Version	2
Separator	Tab
Decimal_Separator	.
Multi_Headings	Yes
X_Columns	One
Time_Pref	Absolute
Operator	labuser
Date	2023/05/24
Time	11:16:42.369917887499812808
***End_of_Header***	
	
Channels	1	
Samples	610	
Date	2023/05/24	
Time	11:16:42.369917887499812808	
Y_Unit_Label	Volts	
X_Dimension	Time	
X0	0.0000000000000000E+0	
Delta_X	0.008197	
***End_of_Header***		
X_Value	Voltage	Comment
0.000000	1.655801
0.008197	1.656438
0.016393	1.655801
0.024590	1.657075
0.032787	1.656438
0.040984	1.653889
0.049180	1.655164
0.057377	1.654845
0.065574	1.652934
0.073770	1.653889
0.081967	1.654208
0.090164	1.652297
0.098361	1.654527
0.106557	1.654208
0.114754	1.653889
0.122951	1.654845
0.131147	1.653889
0.139344	1.654527
0.147541	1.657075
0.155738	1.655164
0.163934	1.655801
0.172131	1.658986
0.180328	1.655482
0.188524	1.656119
0.196721	1.658030
0.204918	1.656119
0.213115	1.656438
0.221311	1.657712
0.229508	1.655801
0.237705	1.657393
0.245901	1.658349
0.254098	1.657075
0.262295	1.657393
0.270492	1.657712
0.278688	1.654845
0.286885	1.657075
0.295082	1.656119
0.303278	1.653571
0.311475	1.655482
0.319672	1.654527
0.327869	1.652934
0.336065	1.655801
0.344262	1.655482
0.352459	1.653571
0.360655	1.656119
0.368852	1.654845
0.377049	1.654208
0.385245	1.655482
0.393442	1.654845
0.401639	1.652934
0.409836	1.654208
0.418032	1.654208
0.426229	1.653571
0.434426	1.654527
0.442622	1.654527
0.450819	1.654208
0.459016	1.655482
0.467213	1.655164
0.475409	1.654208
0.483606	1.655801
0.491803	1.655482
0.499999	1.654845
0.508196	1.657393
0.516393	1.654527
0.524590	1.655164
0.532786	1.658030
0.540983	1.655801
0.549180	1.656438
0.557376	1.658030
0.565573	1.656756
0.573770	1.656756
0.581967	1.657393
0.590163	1.655482
0.598360	1.656119
0.606557	1.655801
0.614753	1.653571
0.622950	1.656119
0.631147	1.654527
0.639344	1.653889
0.647540	1.655482
0.655737	1.654527
0.663934	1.653571
0.672130	1.655482
0.680327	1.654527
0.688524	1.654208
0.696721	1.655801
0.704917	1.655164
0.713114	1.656756
0.721311	1.658030
0.729507	1.655801
0.737704	1.656756
0.745901	1.658668
0.754098	1.655482
0.762294	1.656756
0.770491	1.656756
0.778688	1.655482
0.786884	1.656756
0.795081	1.656756
0.803278	1.656756
0.811475	1.657075
0.819671	1.656119
0.827868	1.655482
0.836065	1.656438
0.844261	1.656438
0.852458	1.654527
0.860655	1.655164
0.868852	1.656438
0.877048	1.654845
0.885245	1.656438
0.893442	1.656438
0.901638	1.654208
0.909835	1.656756
0.918032	1.656119
0.926229	1.654527
0.934425	1.655164
0.942622	1.655164
0.950819	1.653889
0.959015	1.655801
0.967212	1.655482
0.975409	1.653889
0.983606	1.656119
0.991802	1.655801
0.999999	1.653889
1.008196	1.655801
1.016392	1.656119
1.024589	1.653571
1.032786	1.657075
1.040982	1.657075
1.049179	1.654845
1.057376	1.657075
1.065573	1.656438
1.073769	1.654208
1.081966	1.656119
1.090163	1.656119
1.098359	1.653571
1.106556	1.656119
1.114753	1.656119
1.122950	1.653889
1.131146	1.656119
1.139343	1.655164
1.147540	1.653571
1.155736	1.655801
1.163933	1.655482
1.172130	1.653252
1.180327	1.655482
1.188523	1.655801
1.196720	1.653571
1.204917	1.655482
1.213113	1.655482
1.221310	1.654208
1.229507	1.655164
1.237704	1.655482
1.245900	1.652934
1.254097	1.655164
1.262294	1.654208
1.270490	1.653252
1.278687	1.655164
1.286884	1.654208
1.295081	1.652934
1.303277	1.655164
1.311474	1.654845
1.319671	1.652934
1.327867	1.654527
1.336064	1.654527
1.344261	1.652615
1.352458	1.654845
1.360654	1.654845
1.368851	1.652934
1.377048	1.655482
1.385244	1.655482
1.393441	1.653252
1.401638	1.656438
1.409835	1.655482
1.418031	1.654208
1.426228	1.655801
1.434425	1.656119
1.442621	1.655164
1.450818	1.656756
1.459015	1.655482
1.467212	1.655164
1.475408	1.656756
1.483605	1.656119
1.491802	1.654208
1.499998	1.656119
1.508195	1.656119
1.516392	1.653889
1.524589	1.656438
1.532785	1.656119
1.540982	1.652934
1.549179	1.655164
1.557375	1.654845
1.565572	1.652934
1.573769	1.655164
1.581966	1.654208
1.590162	1.653252
1.598359	1.654527
1.606556	1.655164
1.614752	1.653252
1.622949	1.656119
1.631146	1.655164
1.639342	1.653571
1.647539	1.654527
1.655736	1.654527
1.663933	1.654527
1.672129	1.655482
1.680326	1.654208
1.688523	1.654208
1.696719	1.655801
1.704916	1.654527
1.713113	1.655482
1.721310	1.657075
1.729506	1.654527
1.737703	1.655801
1.745900	1.658349
1.754096	1.656756
1.762293	1.656756
1.770490	1.657075
1.778687	1.655801
1.786883	1.655801
1.795080	1.656438
1.803277	1.654845
1.811473	1.655801
1.819670	1.656119
1.827867	1.655164
1.836064	1.655801
1.844260	1.655482
1.852457	1.654208
1.860654	1.654845
1.868850	1.655164
1.877047	1.652297
1.885244	1.654208
1.893441	1.654208
1.901637	1.652297
1.909834	1.654845
1.918031	1.654845
1.926227	1.652934
1.934424	1.654527
1.942621	1.653571
1.950818	1.652934
1.959014	1.653889
1.967211	1.653252
1.975408	1.654208
1.983604	1.655164
1.991801	1.653889
1.999998	1.654527
2.008195	1.656438
2.016391	1.654208
2.024588	1.654527
2.032785	1.657075
2.040981	1.655801
2.049178	1.654845
2.057375	1.657393
2.065572	1.655164
2.073768	1.654845
2.081965	1.657712
2.090162	1.655801
2.098358	1.654845
2.106555	1.656756
2.114752	1.655164
2.122949	1.654845
2.131145	1.654845
2.139342	1.653571
2.147539	1.655482
2.155735	1.654527
2.163932	1.652615
2.172129	1.654845
2.180326	1.654527
2.188522	1.652615
2.196719	1.654208
2.204916	1.654208
2.213112	1.652297
2.221309	1.654845
2.229506	1.654527
2.237703	1.652297
2.245899	1.654527
2.254096	1.654845
2.262293	1.651978
2.270489	1.654527
2.278686	1.653889
2.286883	1.652297
2.295079	1.654845
2.303276	1.653889
2.311473	1.651978
2.319670	1.654208
2.327866	1.654208
2.336063	1.651978
2.344260	1.653889
2.352456	1.653252
2.360653	1.651023
2.368850	1.653571
2.377047	1.653571
2.385243	1.651660
2.393440	1.653889
2.401637	1.654208
2.409833	1.652615
2.418030	1.654527
2.426227	1.653889
2.434424	1.652934
2.442620	1.654527
2.450817	1.653571
2.459014	1.653252
2.467210	1.656119
2.475407	1.654208
2.483604	1.654208
2.491801	1.656756
2.499997	1.654208
2.508194	1.654527
2.516391	1.655801
2.524587	1.654527
2.532784	1.654208
2.540981	1.656438
2.549178	1.653889
2.557374	1.654208
2.565571	1.655801
2.573768	1.654208
2.581964	1.653889
2.590161	1.655801
2.598358	1.654208
2.606555	1.654208
2.614751	1.656119
2.622948	1.654208
2.631145	1.653889
2.639341	1.655801
2.647538	1.653889
2.655735	1.654208
2.663932	1.655482
2.672128	1.654845
2.680325	1.653889
2.688522	1.654527
2.696718	1.654208
2.704915	1.655482
2.713112	1.655482
2.721309	1.654527
2.729505	1.655482
2.737702	1.655801
2.745899	1.654208
2.754095	1.655482
2.762292	1.656756
2.770489	1.655482
2.778686	1.656119
2.786882	1.657712
2.795079	1.655801
2.803276	1.655482
2.811472	1.655801
2.819669	1.652297
2.827866	1.654845
2.836063	1.654845
2.844259	1.653889
2.852456	1.656119
2.860653	1.655482
2.868849	1.653252
2.877046	1.655482
2.885243	1.654845
2.893440	1.651978
2.901636	1.654208
2.909833	1.654208
2.918030	1.652615
2.926226	1.654845
2.934423	1.654527
2.942620	1.652297
2.950816	1.654845
2.959013	1.654527
2.967210	1.652615
2.975407	1.655164
2.983603	1.654208
2.991800	1.652615
2.999997	1.654208
3.008193	1.653889
3.016390	1.652615
3.024587	1.654527
3.032784	1.655482
3.040980	1.652297
3.049177	1.656119
3.057374	1.654208
3.065570	1.652934
3.073767	1.654527
3.081964	1.654208
3.090161	1.652297
3.098357	1.655164
3.106554	1.654527
3.114751	1.653252
3.122947	1.654527
3.131144	1.654527
3.139341	1.653571
3.147538	1.654527
3.155734	1.653571
3.163931	1.652934
3.172128	1.653889
3.180324	1.654208
3.188521	1.652934
3.196718	1.654527
3.204915	1.653889
3.213111	1.652615
3.221308	1.653889
3.229505	1.653889
3.237701	1.653889
3.245898	1.655164
3.254095	1.654208
3.262292	1.653252
3.270488	1.655482
3.278685	1.654527
3.286882	1.654208
3.295078	1.654845
3.303275	1.654208
3.311472	1.653252
3.319669	1.654845
3.327865	1.654527
3.336062	1.654527
3.344259	1.655482
3.352455	1.654527
3.360652	1.654208
3.368849	1.655164
3.377046	1.653571
3.385242	1.652615
3.393439	1.654845
3.401636	1.654208
3.409832	1.654208
3.418029	1.655482
3.426226	1.654208
3.434423	1.655164
3.442619	1.656756
3.450816	1.654208
3.459013	1.653889
3.467209	1.655164
3.475406	1.653889
3.483603	1.654208
3.491800	1.654845
3.499996	1.653889
3.508193	1.652615
3.516390	1.653889
3.524586	1.654208
3.532783	1.653252
3.540980	1.654527
3.549177	1.653252
3.557373	1.652615
3.565570	1.655164
3.573767	1.653889
3.581963	1.653571
3.590160	1.655164
3.598357	1.654208
3.606553	1.653571
3.614750	1.654208
3.622947	1.653571
3.631144	1.652615
3.639340	1.654208
3.647537	1.653571
3.655734	1.653889
3.663930	1.655164
3.672127	1.654208
3.680324	1.654208
3.688521	1.655482
3.696717	1.654527
3.704914	1.654845
3.713111	1.655164
3.721307	1.655164
3.729504	1.654845
3.737701	1.654845
3.745898	1.655801
3.754094	1.654845
3.762291	1.654527
3.770488	1.654527
3.778684	1.654527
3.786881	1.655482
3.795078	1.654527
3.803275	1.655482
3.811471	1.656756
3.819668	1.655801
3.827865	1.653889
3.836061	1.655482
3.844258	1.653889
3.852455	1.655164
3.860652	1.655801
3.868848	1.654527
3.877045	1.655482
3.885242	1.657393
3.893438	1.656119
3.901635	1.655164
3.909832	1.658030
3.918029	1.655164
3.926225	1.654845
3.934422	1.657712
3.942619	1.654845
3.950815	1.655164
3.959012	1.659305
3.967209	1.655801
3.975406	1.655164
3.983602	1.657393
3.991799	1.654527
3.999996	1.655164
4.008192	1.658349
4.016389	1.655164
4.024586	1.656438
4.032783	1.657712
4.040979	1.655482
4.049176	1.655801
4.057373	1.657393
4.065569	1.656438
4.073766	1.655801
4.081963	1.657712
4.090160	1.655164
4.098356	1.654845
4.106553	1.656438
4.114750	1.656438
4.122946	1.655482
4.131143	1.657393
4.139340	1.654527
4.147537	1.654845
4.155733	1.657393
4.163930	1.654845
4.172127	1.654527
4.180323	1.656756
4.188520	1.654208
4.196717	1.655164
4.204914	1.655801
4.213110	1.654208
4.221307	1.653571
4.229504	1.655482
4.237700	1.654208
4.245897	1.653252
4.254094	1.654527
4.262290	1.653889
4.270487	1.653889
4.278684	1.655164
4.286881	1.654208
4.295077	1.654208
4.303274	1.655164
4.311471	1.654527
4.319667	1.653571
4.327864	1.655164
4.336061	1.654527
4.344258	1.653252
4.352454	1.655801
4.360651	1.654845
4.368848	1.653571
4.377044	1.655164
4.385241	1.654208
4.393438	1.653889
4.401635	1.654208
4.409831	1.653889
4.418028	1.652934
4.426225	1.654208
4.434421	1.654527
4.442618	1.651978
4.450815	1.654208
4.459012	1.654527
4.467208	1.652615
4.475405	1.655164
4.483602	1.654527
4.491798	1.652297
4.499995	1.654527
4.508192	1.654527
4.516389	1.652297
4.524585	1.654527
4.532782	1.654208
4.540979	1.653571
4.549175	1.654845
4.557372	1.653889
4.565569	1.652934
4.573766	1.654527
4.581962	1.654208
4.590159	1.652297
4.598356	1.654208
4.606552	1.653252
4.614749	1.651978
4.622946	1.654208
4.631143	1.654208
4.639339	1.652297
4.647536	1.654527
4.655733	1.653889
4.663929	1.653252
4.672126	1.654208
4.680323	1.654208
4.688520	1.652615
4.696716	1.654208
4.704913	1.654208
4.713110	1.653571
4.721306	1.654527
4.729503	1.654208
4.737700	1.652297
4.745897	1.653889
4.754093	1.654527
4.762290	1.652934
4.770487	1.654208
4.778683	1.654527
4.786880	1.653252
4.795077	1.654527
4.803274	1.653571
4.811470	1.653571
4.819667	1.654527
4.827864	1.653889
4.836060	1.653252
4.844257	1.654208
4.852454	1.653889
4.860651	1.652297
4.868847	1.653252
4.877044	1.653889
4.885241	1.651978
4.893437	1.653889
4.901634	1.653252
4.909831	1.651341
4.918027	1.654845
4.926224	1.653571
4.934421	1.652615
4.942618	1.655164
4.950814	1.654527
4.959011	1.651978
4.967208	1.653889
4.975404	1.653889
4.983601	1.652615
4.991798	1.654527

