LabVIEW Measurement	
Writer_Version	2
Reader_Version	2
Separator	Tab
Decimal_Separator	.
Multi_Headings	Yes
X_Columns	One
Time_Pref	Absolute
Operator	labuser
Date	2023/05/24
Time	11:24:57.4692196874997613902
***End_of_Header***	
	
Channels	1	
Samples	610	
Date	2023/05/24	
Time	11:24:57.4692196874997613902	
Y_Unit_Label	Volts	
X_Dimension	Time	
X0	0.0000000000000000E+0	
Delta_X	0.008197	
***End_of_Header***		
X_Value	Voltage	Comment
0.000000	1.703581
0.008197	1.703263
0.016393	1.672365
0.024590	1.680010
0.032787	1.698485
0.040984	1.693070
0.049180	1.671409
0.057377	1.717279
0.065574	1.687973
0.073770	1.653889
0.081967	1.675869
0.090164	1.719190
0.098361	1.672046
0.106557	1.678098
0.114754	1.680328
0.122951	1.683195
0.131147	1.661216
0.139344	1.690521
0.147541	1.708997
0.155738	1.644970
0.163934	1.680328
0.172131	1.696574
0.180328	1.653571
0.188524	1.671091
0.196721	1.719190
0.204918	1.600057
0.213115	1.680965
0.221311	1.678417
0.229508	1.674276
0.237705	1.632229
0.245901	1.682239
0.254098	1.639874
0.262295	1.592093
0.270492	1.651660
0.278688	1.701033
0.286885	1.689884
0.295082	1.700396
0.303278	1.728746
0.311475	1.685106
0.319672	1.705811
0.327869	1.635414
0.336065	1.685743
0.344262	1.683195
0.352459	1.725879
0.360655	1.695299
0.368852	1.698485
0.377049	1.713456
0.385245	1.711545
0.393442	1.698485
0.401639	1.634459
0.409836	1.655482
0.418032	1.696574
0.426229	1.708997
0.434426	1.722375
0.442622	1.705493
0.450819	1.724605
0.459016	1.708997
0.467213	1.689566
0.475409	1.667268
0.483606	1.633503
0.491803	1.677143
0.499999	1.693707
0.508196	1.654208
0.516393	1.723968
0.524590	1.697529
0.532786	1.691796
0.540983	1.681284
0.549180	1.731613
0.557376	1.659942
0.565573	1.641785
0.573770	1.716323
0.581967	1.638281
0.590163	1.617895
0.598360	1.673002
0.606557	1.701033
0.614753	1.668861
0.622950	1.612798
0.631147	1.723012
0.639344	1.681921
0.647540	1.683832
0.655737	1.654527
0.663934	1.715686
0.672130	1.719827
0.680327	1.681602
0.688524	1.691796
0.696721	1.650704
0.704917	1.718871
0.713114	1.684788
0.721311	1.706767
0.729507	1.688610
0.737704	1.687017
0.745901	1.693388
0.754098	1.687336
0.762294	1.689884
0.770491	1.718553
0.778688	1.655164
0.786884	1.654527
0.795081	1.710908
0.803278	1.713775
0.811475	1.673957
0.819671	1.683195
0.827868	1.698166
0.836065	1.672365
0.844261	1.676187
0.852458	1.726835
0.860655	1.650704
0.868852	1.628088
0.877048	1.683514
0.885245	1.617576
0.893442	1.690203
0.901638	1.715367
0.909835	1.649111
0.918032	1.730020
0.926229	1.636370
0.934425	1.700715
0.942622	1.712182
0.950819	1.686062
0.959015	1.715686
0.967212	1.687973
0.975409	1.691158
0.983606	1.692433
0.991802	1.660579
0.999999	1.687973
1.008196	1.679373
1.016392	1.671091
1.024589	1.726835
1.032786	1.653889
1.040982	1.681284
1.049179	1.686062
1.057376	1.702307
1.065573	1.695937
1.073769	1.673957
1.081966	1.637326
1.090163	1.735435
1.098359	1.686062
1.106556	1.665038
1.114753	1.698166
1.122950	1.654845
1.131146	1.698803
1.139343	1.686062
1.147540	1.690203
1.155736	1.639555
1.163933	1.633822
1.172130	1.672683
1.180327	1.730339
1.188523	1.645608
1.196720	1.666950
1.204917	1.686699
1.213113	1.693388
1.221310	1.684469
1.229507	1.712182
1.237704	1.660260
1.245900	1.693070
1.254097	1.658030
1.262294	1.652615
1.270490	1.698803
1.278687	1.622991
1.286884	1.655482
1.295081	1.691796
1.303277	1.679373
1.311474	1.659305
1.319671	1.644333
1.327867	1.702307
1.336064	1.718871
1.344261	1.688929
1.352458	1.688610
1.360654	1.639555
1.368851	1.689566
1.377048	1.692751
1.385244	1.627132
1.393441	1.690840
1.401638	1.705811
1.409835	1.556098
1.418031	1.667587
1.426228	1.680647
1.434425	1.736391
1.442621	1.671728
1.450818	1.712182
1.459015	1.702944
1.467212	1.670135
1.475408	1.648793
1.483605	1.684151
1.491802	1.718234
1.499998	1.683832
1.508195	1.714730
1.516392	1.707722
1.524589	1.654527
1.532785	1.684788
1.540982	1.693707
1.549179	1.669816
1.557375	1.643378
1.565572	1.687336
1.573769	1.691477
1.581966	1.676187
1.590162	1.685425
1.598359	1.662171
1.606556	1.639237
1.614752	1.692114
1.622949	1.708359
1.631146	1.675869
1.639342	1.643059
1.647539	1.659942
1.655736	1.666631
1.663933	1.665994
1.672129	1.707085
1.680326	1.696892
1.688523	1.696574
1.696719	1.715049
1.704916	1.691796
1.713113	1.689566
1.721310	1.680647
1.729506	1.750725
1.737703	1.672046
1.745900	1.671091
1.754096	1.640829
1.762293	1.695618
1.770490	1.663446
1.778687	1.699122
1.786883	1.678098
1.795080	1.666312
1.803277	1.629681
1.811473	1.655164
1.819670	1.676824
1.827867	1.702626
1.836064	1.700715
1.844260	1.665994
1.852457	1.702626
1.860654	1.711863
1.868850	1.682876
1.877047	1.641467
1.885244	1.688610
1.893441	1.700078
1.901637	1.681284
1.909834	1.703900
1.918031	1.697529
1.926227	1.641467
1.934424	1.724923
1.942621	1.664720
1.950818	1.594004
1.959014	1.662171
1.967211	1.678735
1.975408	1.717279
1.983604	1.700396
1.991801	1.662490
1.999998	1.701352
2.008195	1.676824
2.016391	1.644970
2.024588	1.699122
2.032785	1.677143
2.040981	1.680328
2.049178	1.690840
2.057375	1.653571
2.065572	1.651023
2.073768	1.618532
2.081965	1.682876
2.090162	1.671409
2.098358	1.684469
2.106555	1.679691
2.114752	1.672683
2.122949	1.693388
2.131145	1.668861
2.139342	1.674594
2.147539	1.663764
2.155735	1.711545
2.163932	1.616939
2.172129	1.717916
2.180326	1.698166
2.188522	1.707404
2.196719	1.682558
2.204916	1.676187
2.213112	1.671728
2.221309	1.682876
2.229506	1.664401
2.237703	1.694662
2.245899	1.717597
2.254096	1.676506
2.262293	1.691158
2.270489	1.720464
2.278686	1.712500
2.286883	1.663764
2.295079	1.675232
2.303276	1.713775
2.311473	1.642741
2.319670	1.590819
2.327866	1.658349
2.336063	1.653889
2.344260	1.702307
2.352456	1.693388
2.360653	1.683514
2.368850	1.687655
2.377047	1.693388
2.385243	1.671409
2.393440	1.694025
2.401637	1.675869
2.409833	1.684469
2.418030	1.711545
2.426227	1.673957
2.434424	1.688929
2.442620	1.669179
2.450817	1.681921
2.459014	1.636051
2.467210	1.694981
2.475407	1.661216
2.483604	1.708359
2.491801	1.741169
2.499997	1.653889
2.508194	1.608657
2.516391	1.712500
2.524587	1.671091
2.532784	1.685425
2.540981	1.666631
2.549178	1.677780
2.557374	1.713775
2.565571	1.710908
2.573768	1.701989
2.581964	1.674276
2.590161	1.713138
2.598358	1.642104
2.606555	1.697211
2.614751	1.700396
2.622948	1.676187
2.631145	1.641785
2.639341	1.687017
2.647538	1.650704
2.655735	1.652297
2.663932	1.676824
2.672128	1.681284
2.680325	1.671409
2.688522	1.688929
2.696718	1.690521
2.704915	1.730339
2.713112	1.677461
2.721309	1.693070
2.729505	1.690521
2.737702	1.717916
2.745899	1.680010
2.754095	1.673320
2.762292	1.681602
2.770489	1.696255
2.778686	1.695299
2.786882	1.689247
2.795079	1.712182
2.803276	1.717916
2.811472	1.652934
2.819669	1.676824
2.827866	1.700396
2.836063	1.680328
2.844259	1.654845
2.852456	1.704218
2.860653	1.670772
2.868849	1.695618
2.877046	1.707722
2.885243	1.663127
2.893440	1.705811
2.901636	1.705493
2.909833	1.703263
2.918030	1.729702
2.926226	1.627132
2.934423	1.751044
2.942620	1.704537
2.950816	1.689247
2.959013	1.683832
2.967210	1.702944
2.975407	1.701670
2.983603	1.690840
2.991800	1.727472
2.999997	1.731294
3.008193	1.683514
3.016390	1.693070
3.024587	1.658030
3.032784	1.676187
3.040980	1.713138
3.049177	1.683832
3.057374	1.692433
3.065570	1.698166
3.073767	1.700078
3.081964	1.663764
3.090161	1.697848
3.098357	1.680965
3.106554	1.658668
3.114751	1.716004
3.122947	1.706130
3.131144	1.715686
3.139341	1.708997
3.147538	1.646563
3.155734	1.669498
3.163931	1.697529
3.172128	1.684469
3.180324	1.682558
3.188521	1.657075
3.196718	1.696892
3.204915	1.672683
3.213111	1.680328
3.221308	1.703263
3.229505	1.690203
3.237701	1.712500
3.245898	1.704537
3.254095	1.665357
3.262292	1.713775
3.270488	1.655482
3.278685	1.714412
3.286882	1.694344
3.295078	1.692433
3.303275	1.616939
3.311472	1.706767
3.319669	1.687973
3.327865	1.650386
3.336062	1.723012
3.344259	1.640829
3.352455	1.702626
3.360652	1.653571
3.368849	1.657075
3.377046	1.689884
3.385242	1.716004
3.393439	1.713138
3.401636	1.690840
3.409832	1.715049
3.418029	1.716960
3.426226	1.650386
3.434423	1.681602
3.442619	1.707404
3.450816	1.664720
3.459013	1.689566
3.467209	1.671409
3.475406	1.695618
3.483603	1.680328
3.491800	1.661853
3.499996	1.715049
3.508193	1.730657
3.516390	1.671409
3.524586	1.690203
3.532783	1.629999
3.540980	1.658668
3.549177	1.679373
3.557373	1.690521
3.565570	1.676187
3.573767	1.720782
3.581963	1.689566
3.590160	1.738621
3.598357	1.696892
3.606553	1.665994
3.614750	1.703581
3.622947	1.701352
3.631144	1.691796
3.639340	1.692751
3.647537	1.625540
3.655734	1.680010
3.663930	1.683514
3.672127	1.694981
3.680324	1.692114
3.688521	1.637007
3.696717	1.635733
3.704914	1.650386
3.713111	1.685106
3.721307	1.694981
3.729504	1.649749
3.737701	1.697848
3.745898	1.696255
3.754094	1.688929
3.762291	1.676506
3.770488	1.677461
3.778684	1.717597
3.786881	1.702626
3.795078	1.702626
3.803275	1.715049
3.811471	1.685425
3.819668	1.678417
3.827865	1.657075
3.836061	1.690521
3.844258	1.682558
3.852455	1.676506
3.860652	1.580626
3.868848	1.713775
3.877045	1.703900
3.885242	1.654208
3.893438	1.675232
3.901635	1.682876
3.909832	1.684788
3.918029	1.691796
3.926225	1.696255
3.934422	1.691477
3.942619	1.654527
3.950815	1.703263
3.959012	1.710271
3.967209	1.662809
3.975406	1.689566
3.983602	1.697848
3.991799	1.707085
3.999996	1.711545
4.008192	1.683832
4.016389	1.667268
4.024586	1.701670
4.032783	1.645608
4.040979	1.697529
4.049176	1.696892
4.057373	1.635096
4.065569	1.710589
4.073766	1.706448
4.081963	1.603242
4.090160	1.705493
4.098356	1.685425
4.106553	1.695299
4.114750	1.692433
4.122946	1.699759
4.131143	1.686699
4.139340	1.685106
4.147537	1.623310
4.155733	1.720464
4.163930	1.657393
4.172127	1.719827
4.180323	1.626814
4.188520	1.671091
4.196717	1.677780
4.204914	1.687973
4.213110	1.681284
4.221307	1.681284
4.229504	1.543357
4.237700	1.706767
4.245897	1.702626
4.254094	1.675232
4.262290	1.698803
4.270487	1.630636
4.278684	1.723968
4.286881	1.688929
4.295077	1.713138
4.303274	1.710271
4.311471	1.684151
4.319667	1.681602
4.327864	1.655482
4.336061	1.705174
4.344258	1.717279
4.352454	1.719190
4.360651	1.673320
4.368848	1.696574
4.377044	1.696892
4.385241	1.708997
4.393438	1.705493
4.401635	1.710589
4.409831	1.512777
4.418028	1.689884
4.426225	1.665994
4.434421	1.720782
4.442618	1.707404
4.450815	1.641785
4.459012	1.696892
4.467208	1.718234
4.475405	1.704218
4.483602	1.670772
4.491798	1.678735
4.499995	1.688610
4.508192	1.681602
4.516389	1.707722
4.524585	1.716323
4.532782	1.650067
4.540979	1.690521
4.549175	1.699122
4.557372	1.711226
4.565569	1.633503
4.573766	1.684469
4.581962	1.706767
4.590159	1.705493
4.598356	1.691477
4.606552	1.660260
4.614749	1.697529
4.622946	1.685425
4.631143	1.696255
4.639339	1.698166
4.647536	1.713775
4.655733	1.675232
4.663929	1.660260
4.672126	1.733524
4.680323	1.657075
4.688520	1.674594
4.696716	1.678735
4.704913	1.668542
4.713110	1.693070
4.721306	1.708678
4.729503	1.701352
4.737700	1.679691
4.745897	1.698803
4.754093	1.649111
4.762290	1.723649
4.770487	1.690521
4.778683	1.718234
4.786880	1.688292
4.795077	1.701352
4.803274	1.679691
4.811470	1.662490
4.819667	1.690203
4.827864	1.690203
4.836060	1.721420
4.844257	1.731931
4.852454	1.648156
4.860651	1.639237
4.868847	1.677780
4.877044	1.694025
4.885241	1.680010
4.893437	1.594641
4.901634	1.714412
4.909831	1.650386
4.918027	1.680965
4.926224	1.735435
4.934421	1.698803
4.942618	1.671728
4.950814	1.698803
4.959011	1.713138
4.967208	1.650704
4.975404	1.687336
4.983601	1.699759
4.991798	1.659305

