LabVIEW Measurement	
Writer_Version	2
Reader_Version	2
Separator	Tab
Decimal_Separator	.
Multi_Headings	Yes
X_Columns	One
Time_Pref	Absolute
Operator	labuser
Date	2023/05/24
Time	11:25:38.1953067874999032206
***End_of_Header***	
	
Channels	1	
Samples	610	
Date	2023/05/24	
Time	11:25:38.1953067874999032206	
Y_Unit_Label	Volts	
X_Dimension	Time	
X0	0.0000000000000000E+0	
Delta_X	0.008197	
***End_of_Header***		
X_Value	Voltage	Comment
0.000000	1.391096
0.008197	1.556098
0.016393	1.442699
0.024590	1.500354
0.032787	1.444929
0.040984	1.447477
0.049180	1.429002
0.057377	1.374532
0.065574	1.357331
0.073770	1.508955
0.081967	1.527430
0.090164	1.472960
0.098361	1.543994
0.106557	1.372939
0.114754	1.527748
0.122951	1.511184
0.131147	1.380902
0.139344	1.409889
0.147541	1.426135
0.155738	1.573299
0.163934	1.458626
0.172131	1.490798
0.180328	1.320699
0.188524	1.324521
0.196721	1.504495
0.204918	1.426772
0.213115	1.518511
0.221311	1.479331
0.229508	1.460218
0.237705	1.642104
0.245901	1.604835
0.254098	1.519148
0.262295	1.473916
0.270492	1.545905
0.278688	1.489842
0.286885	1.479331
0.295082	1.468500
0.303278	1.477738
0.311475	1.523926
0.319672	1.511822
0.327869	1.432824
0.336065	1.577759
0.344262	1.351597
0.352459	1.323566
0.360655	1.512459
0.368852	1.295534
0.377049	1.340130
0.385245	1.330255
0.393442	1.636370
0.401639	1.309868
0.409836	1.424861
0.418032	1.462448
0.426229	1.332485
0.434426	1.504495
0.442622	1.415623
0.450819	1.590819
0.459016	1.479968
0.467213	1.437602
0.475409	1.593049
0.483606	1.283748
0.491803	1.328025
0.499999	1.601649
0.508196	1.454166
0.516393	1.523926
0.524590	1.469456
0.532786	1.365294
0.540983	1.341722
0.549180	1.508636
0.557376	1.456714
0.565573	1.312735
0.573770	1.573936
0.581967	1.435691
0.590163	1.621080
0.598360	1.559921
0.606557	1.388866
0.614753	1.332166
0.622950	1.467226
0.631147	1.495258
0.639344	1.498124
0.647540	1.398422
0.655737	1.430276
0.663934	1.570114
0.672130	1.358923
0.680327	1.447795
0.688524	1.427090
0.696721	1.526156
0.704917	1.393644
0.713114	1.353190
0.721311	1.403837
0.729507	1.393644
0.737704	1.531252
0.745901	1.363383
0.754098	1.492709
0.762294	1.422312
0.770491	1.370072
0.778688	1.554824
0.786884	1.370391
0.795081	1.380902
0.803278	1.363064
0.811475	1.475827
0.819671	1.426453
0.827868	1.382814
0.836065	1.421994
0.844261	1.437921
0.852458	1.455759
0.860655	1.517874
0.868852	1.478057
0.877048	1.413075
0.885245	1.498761
0.893442	1.256036
0.901638	1.424224
0.909835	1.394281
0.918032	1.553231
0.926229	1.391733
0.934425	1.423905
0.942622	1.283111
0.950819	1.358923
0.959015	1.587634
0.967212	1.447477
0.975409	1.517874
0.983606	1.561832
0.991802	1.408934
0.999999	1.487294
1.008196	1.588589
1.016392	1.439195
1.024589	1.318788
1.032786	1.360835
1.040982	1.428365
1.049179	1.474234
1.057376	1.407660
1.065573	1.474553
1.073769	1.515007
1.081966	1.506406
1.090163	1.536668
1.098359	1.342996
1.106556	1.490480
1.114753	1.436010
1.122950	1.430276
1.131146	1.318469
1.139343	1.421357
1.147540	1.422312
1.155736	1.381221
1.163933	1.403519
1.172130	1.447158
1.180327	1.531571
1.188523	1.449707
1.196720	1.314965
1.204917	1.269096
1.213113	1.521059
1.221310	1.446521
1.229507	1.405111
1.237704	1.392688
1.245900	1.555143
1.254097	1.421994
1.262294	1.608657
1.270490	1.552276
1.278687	1.537942
1.286884	1.438239
1.295081	1.462448
1.303277	1.483790
1.311474	1.305409
1.319671	1.299675
1.327867	1.491435
1.336064	1.559284
1.344261	1.280563
1.352458	1.298083
1.360654	1.428683
1.368851	1.476782
1.377048	1.537623
1.385244	1.390140
1.393441	1.486339
1.401638	1.499717
1.409835	1.282156
1.418031	1.619487
1.426228	1.473916
1.434425	1.488250
1.442621	1.517237
1.450818	1.525200
1.459015	1.418171
1.467212	1.379628
1.475408	1.471367
1.483605	1.612161
1.491802	1.460537
1.499998	1.276741
1.508195	1.481560
1.516392	1.333759
1.524589	1.500673
1.532785	1.493665
1.540982	1.347774
1.549179	1.501310
1.557375	1.449707
1.565572	1.563106
1.573769	1.452892
1.581966	1.271644
1.590162	1.583811
1.598359	1.479649
1.606556	1.497169
1.614752	1.500036
1.622949	1.686380
1.631146	1.395237
1.639342	1.510229
1.647539	1.362427
1.655736	1.393325
1.663933	1.317832
1.672129	1.472323
1.680326	1.621717
1.688523	1.336307
1.696719	1.400015
1.704916	1.491754
1.713113	1.497806
1.721310	1.356694
1.729506	1.558010
1.737703	1.440788
1.745900	1.281837
1.754096	1.388866
1.762293	1.332166
1.770490	1.554187
1.778687	1.457033
1.786883	1.295216
1.795080	1.459581
1.803277	1.540171
1.811473	1.333122
1.819670	1.398741
1.827867	1.539216
1.836064	1.538897
1.844260	1.605472
1.852457	1.424861
1.860654	1.477101
1.868850	1.471049
1.877047	1.364020
1.885244	1.479012
1.893441	1.451618
1.901637	1.543994
1.909834	1.392688
1.918031	1.516281
1.926227	1.589226
1.934424	1.460855
1.942621	1.393325
1.950818	1.425179
1.959014	1.426772
1.967211	1.494302
1.975408	1.369754
1.983604	1.484746
1.991801	1.465315
1.999998	1.462448
2.008195	1.520741
2.016391	1.432187
2.024588	1.279289
2.032785	1.500673
2.040981	1.298401
2.049178	1.530934
2.057375	1.317195
2.065572	1.424224
2.073768	1.346500
2.081965	1.482198
2.090162	1.522652
2.098358	1.422631
2.106555	1.349367
2.114752	1.497487
2.122949	1.489205
2.131145	1.479012
2.139342	1.521059
2.147539	1.390140
2.155735	1.578077
2.163932	1.458944
2.172129	1.599101
2.180326	1.432187
2.188522	1.540490
2.196719	1.500354
2.204916	1.495258
2.213112	1.633185
2.221309	1.347456
2.229506	1.336307
2.237703	1.551957
2.245899	1.628725
2.254096	1.528704
2.262293	1.696255
2.270489	1.588271
2.278686	1.545905
2.286883	1.529660
2.295079	1.373258
2.303276	1.409252
2.311473	1.558965
2.319670	1.565973
2.327866	1.543675
2.336063	1.459900
2.344260	1.416579
2.352456	1.417216
2.360653	1.508955
2.368850	1.558647
2.377047	1.449070
2.385243	1.305090
2.393440	1.330255
2.401637	1.452255
2.409833	1.350641
2.418030	1.369754
2.426227	1.583174
2.434424	1.385362
2.442620	1.565973
2.450817	1.423587
2.459014	1.422631
2.467210	1.465952
2.475407	1.538579
2.483604	1.449388
2.491801	1.417216
2.499997	1.502902
2.508194	1.448432
2.516391	1.332166
2.524587	1.493983
2.532784	1.379628
2.540981	1.451936
2.549178	1.635096
2.557374	1.518511
2.565571	1.723012
2.573768	1.537305
2.581964	1.585085
2.590161	1.458307
2.598358	1.473597
2.606555	1.292030
2.614751	1.414030
2.622948	1.349049
2.631145	1.294579
2.639341	1.551002
2.647538	1.470093
2.655735	1.484746
2.663932	1.449070
2.672128	1.583811
2.680325	1.502584
2.688522	1.473278
2.696718	1.520104
2.704915	1.535712
2.713112	1.461493
2.721309	1.427409
2.729505	1.509910
2.737702	1.367524
2.745899	1.437284
2.754095	1.337900
2.762292	1.380265
2.770489	1.342678
2.778686	1.510866
2.786882	1.591456
2.795079	1.559921
2.803276	1.401607
2.811472	1.542720
2.819669	1.321017
2.827866	1.577122
2.836063	1.515644
2.844259	1.458307
2.852456	1.391414
2.860653	1.427409
2.868849	1.540171
2.877046	1.531889
2.885243	1.347456
2.893440	1.374213
2.901636	1.413712
2.909833	1.398741
2.918030	1.366250
2.926226	1.586041
2.934423	1.326751
2.942620	1.516918
2.950816	1.487931
2.959013	1.446203
2.967210	1.479649
2.975407	1.407341
2.983603	1.631273
2.991800	1.416579
2.999997	1.604835
3.008193	1.597827
3.016390	1.352234
3.024587	1.476145
3.032784	1.342041
3.040980	1.450344
3.049177	1.327707
3.057374	1.545587
3.065570	1.561195
3.073767	1.351278
3.081964	1.427090
3.090161	1.490480
3.098357	1.328662
3.106554	1.429639
3.114751	1.599738
3.122947	1.431869
3.131144	1.496532
3.139341	1.485383
3.147538	1.540490
3.155734	1.579033
3.163931	1.539216
3.172128	1.480923
3.180324	1.476464
3.188521	1.342359
3.196718	1.497169
3.204915	1.397466
3.213111	1.411164
3.221308	1.334396
3.229505	1.433143
3.237701	1.350004
3.245898	1.580944
3.254095	1.549728
3.262292	1.389821
3.270488	1.365931
3.278685	1.429639
3.286882	1.308594
3.295078	1.603560
3.303275	1.312417
3.311472	1.655164
3.319669	1.528386
3.327865	1.574574
3.336062	1.527111
3.344259	1.337900
3.352455	1.446840
3.360652	1.425816
3.368849	1.463722
3.377046	1.458944
3.385242	1.525200
3.393439	1.406385
3.401636	1.357649
3.409832	1.549090
3.418029	1.479968
3.426226	1.459581
3.434423	1.400333
3.442619	1.380265
3.450816	1.361790
3.459013	1.402882
3.467209	1.364976
3.475406	1.452573
3.483603	1.414030
3.491800	1.356056
3.499996	1.534438
3.508193	1.329618
3.516390	1.419127
3.524586	1.397148
3.532783	1.511503
3.540980	1.400970
3.549177	1.426135
3.557373	1.326114
3.565570	1.421675
3.573767	1.619169
3.581963	1.483790
3.590160	1.470412
3.598357	1.321017
3.606553	1.361790
3.614750	1.529978
3.622947	1.488250
3.631144	1.419446
3.639340	1.570433
3.647537	1.327388
3.655734	1.575211
3.663930	1.480605
3.672127	1.491435
3.680324	1.323566
3.688521	1.498443
3.696717	1.553231
3.704914	1.375806
3.713111	1.456077
3.721307	1.361153
3.729504	1.448114
3.737701	1.269414
3.745898	1.337581
3.754094	1.522970
3.762291	1.364020
3.770488	1.524245
3.778684	1.529660
3.786881	1.262088
3.795078	1.496850
3.803275	1.504177
3.811471	1.334714
3.819668	1.462130
3.827865	1.531571
3.836061	1.483472
3.844258	1.363383
3.852455	1.257947
3.860652	1.531889
3.868848	1.363064
3.877045	1.467226
3.885242	1.387910
3.893438	1.350323
3.901635	1.289163
3.909832	1.514051
3.918029	1.510866
3.926225	1.488887
3.934422	1.466271
3.942619	1.498124
3.950815	1.544949
3.959012	1.494939
3.967209	1.445884
3.975406	1.286615
3.983602	1.551639
3.991799	1.438239
3.999996	1.434735
4.008192	1.422312
4.016389	1.606427
4.024586	1.488568
4.032783	1.413393
4.040979	1.330573
4.049176	1.512777
4.057373	1.414030
4.065569	1.437602
4.073766	1.375487
4.081963	1.497806
4.090160	1.370391
4.098356	1.402563
4.106553	1.472004
4.114750	1.411801
4.122946	1.630636
4.131143	1.426453
4.139340	1.568840
4.147537	1.508955
4.155733	1.535393
4.163930	1.512459
4.172127	1.482198
4.180323	1.515963
4.188520	1.325795
4.196717	1.395874
4.204914	1.539853
4.213110	1.442699
4.221307	1.440150
4.229504	1.373258
4.237700	1.589226
4.245897	1.518829
4.254094	1.420720
4.262290	1.365294
4.270487	1.413075
4.278684	1.527430
4.286881	1.558647
4.295077	1.415623
4.303274	1.504177
4.311471	1.411801
4.319667	1.421357
4.327864	1.647200
4.336061	1.421357
4.344258	1.475190
4.352454	1.483472
4.360651	1.421675
4.368848	1.366250
4.377044	1.540809
4.385241	1.544312
4.393438	1.334077
4.401635	1.386955
4.409831	1.584130
4.418028	1.265592
4.426225	1.385362
4.434421	1.451299
4.442618	1.431231
4.450815	1.468500
4.459012	1.463722
4.467208	1.289163
4.475405	1.251895
4.483602	1.533164
4.491798	1.432187
4.499995	1.492072
4.508192	1.250939
4.516389	1.513733
4.524585	1.431231
4.532782	1.364338
4.540979	1.413393
4.549175	1.598782
4.557372	1.499399
4.565569	1.286615
4.573766	1.380584
4.581962	1.418490
4.590159	1.328662
4.598356	1.351278
4.606552	1.396192
4.614749	1.383132
4.622946	1.368161
4.631143	1.277696
4.639339	1.320062
4.647536	1.411801
4.655733	1.559921
4.663929	1.367842
4.672126	1.607064
4.680323	1.385999
4.688520	1.374850
4.696716	1.357968
4.704913	1.316239
4.713110	1.385999
4.721306	1.544949
4.729503	1.422631
4.737700	1.447158
4.745897	1.392688
4.754093	1.398741
4.762290	1.555143
4.770487	1.609613
4.778683	1.491117
4.786880	1.537305
4.795077	1.576803
4.803274	1.547816
4.811470	1.401926
4.819667	1.513096
4.827864	1.270688
4.836060	1.623947
4.844257	1.577122
4.852454	1.421994
4.860651	1.528067
4.868847	1.447477
4.877044	1.503858
4.885241	1.558647
4.893437	1.513733
4.901634	1.489842
4.909831	1.412438
4.918027	1.525519
4.926224	1.487613
4.934421	1.450344
4.942618	1.427090
4.950814	1.595597
4.959011	1.548135
4.967208	1.335670
4.975404	1.501947
4.983601	1.383132
4.991798	1.487294

