LabVIEW Measurement	
Writer_Version	2
Reader_Version	2
Separator	Tab
Decimal_Separator	.
Multi_Headings	Yes
X_Columns	One
Time_Pref	Absolute
Operator	labuser
Date	2023/05/24
Time	11:07:19.3382859874998291868
***End_of_Header***	
	
Channels	1	
Samples	610	
Date	2023/05/24	
Time	11:07:19.3382859874998291868	
Y_Unit_Label	Volts	
X_Dimension	Time	
X0	0.0000000000000000E+0	
Delta_X	0.008197	
***End_of_Header***		
X_Value	Voltage	Comment
0.000000	1.644333
0.008197	1.641467
0.016393	1.648156
0.024590	1.655801
0.032787	1.643059
0.040984	1.666950
0.049180	1.633822
0.057377	1.663446
0.065574	1.626177
0.073770	1.664401
0.081967	1.635414
0.090164	1.650386
0.098361	1.642422
0.106557	1.649111
0.114754	1.644970
0.122951	1.639237
0.131147	1.689247
0.139344	1.637963
0.147541	1.653252
0.155738	1.631273
0.163934	1.658349
0.172131	1.637007
0.180328	1.654208
0.188524	1.629362
0.196721	1.649749
0.204918	1.641467
0.213115	1.642741
0.221311	1.668542
0.229508	1.634140
0.237705	1.655801
0.245901	1.624584
0.254098	1.658668
0.262295	1.627769
0.270492	1.646245
0.278688	1.644652
0.286885	1.641467
0.295082	1.649749
0.303278	1.634777
0.311475	1.658349
0.319672	1.619169
0.327869	1.660260
0.336065	1.636370
0.344262	1.653889
0.352459	1.633503
0.360655	1.641467
0.368852	1.646882
0.377049	1.637963
0.385245	1.657712
0.393442	1.625221
0.401639	1.659942
0.409836	1.631592
0.418032	1.656438
0.426229	1.632547
0.434426	1.654208
0.442622	1.632229
0.450819	1.643378
0.459016	1.621717
0.467213	1.639874
0.475409	1.653889
0.483606	1.629999
0.491803	1.658668
0.499999	1.640511
0.508196	1.655801
0.516393	1.633185
0.524590	1.650067
0.532786	1.632547
0.540983	1.640192
0.549180	1.658668
0.557376	1.637326
0.565573	1.655801
0.573770	1.632866
0.581967	1.654527
0.590163	1.612161
0.598360	1.651341
0.606557	1.645289
0.614753	1.641467
0.622950	1.657075
0.631147	1.636370
0.639344	1.653571
0.647540	1.627769
0.655737	1.651978
0.663934	1.626177
0.672130	1.646563
0.680327	1.638918
0.688524	1.642104
0.696721	1.653252
0.704917	1.633503
0.713114	1.654527
0.721311	1.636370
0.729507	1.658349
0.737704	1.632229
0.745901	1.654527
0.754098	1.625540
0.762294	1.645289
0.770491	1.638600
0.778688	1.644333
0.786884	1.631592
0.795081	1.637007
0.803278	1.657393
0.811475	1.634459
0.819671	1.663764
0.827868	1.629999
0.836065	1.652615
0.844261	1.633503
0.852458	1.644333
0.860655	1.640192
0.868852	1.633822
0.877048	1.656438
0.885245	1.631910
0.893442	1.665994
0.901638	1.638600
0.909835	1.654527
0.918032	1.629681
0.926229	1.648474
0.934425	1.651023
0.942622	1.645608
0.950819	1.649749
0.959015	1.630955
0.967212	1.664083
0.975409	1.597190
0.983606	1.653252
0.991802	1.622354
0.999999	1.654527
1.008196	1.635096
1.016392	1.640829
1.024589	1.645926
1.032786	1.627769
1.040982	1.665994
1.049179	1.628088
1.057376	1.656119
1.065573	1.593686
1.073769	1.651341
1.081966	1.634459
1.090163	1.642422
1.098359	1.654208
1.106556	1.635414
1.114753	1.654208
1.122950	1.627132
1.131146	1.669179
1.139343	1.630636
1.147540	1.651023
1.155736	1.653889
1.163933	1.647837
1.172130	1.645926
1.180327	1.635733
1.188523	1.651341
1.196720	1.629044
1.204917	1.658986
1.213113	1.624265
1.221310	1.655482
1.229507	1.622991
1.237704	1.645289
1.245900	1.569795
1.254097	1.635733
1.262294	1.663764
1.270490	1.629044
1.278687	1.656119
1.286884	1.617576
1.295081	1.659942
1.303277	1.645608
1.311474	1.643059
1.319671	1.652297
1.327867	1.633503
1.336064	1.663446
1.344261	1.620124
1.352458	1.661216
1.360654	1.633185
1.368851	1.650704
1.377048	1.598782
1.385244	1.639874
1.393441	1.656119
1.401638	1.637644
1.409835	1.655801
1.418031	1.627769
1.426228	1.664720
1.434425	1.643696
1.442621	1.645926
1.450818	1.626495
1.459015	1.640511
1.467212	1.647519
1.475408	1.635414
1.483605	1.663446
1.491802	1.633822
1.499998	1.658030
1.508195	1.630955
1.516392	1.653889
1.524589	1.622036
1.532785	1.645926
1.540982	1.584448
1.549179	1.636370
1.557375	1.612480
1.565572	1.630955
1.573769	1.671409
1.581966	1.626814
1.590162	1.660579
1.598359	1.610250
1.606556	1.651023
1.614752	1.633822
1.622949	1.643378
1.631146	1.642422
1.639342	1.639237
1.647539	1.655482
1.655736	1.633185
1.663933	1.663446
1.672129	1.629999
1.680326	1.654527
1.688523	1.621080
1.696719	1.651978
1.704916	1.634140
1.713113	1.640192
1.721310	1.657075
1.729506	1.638281
1.737703	1.658349
1.745900	1.627132
1.754096	1.658349
1.762293	1.627769
1.770490	1.650067
1.778687	1.642104
1.786883	1.644015
1.795080	1.646245
1.803277	1.641785
1.811473	1.648793
1.819670	1.631273
1.827867	1.659623
1.836064	1.626814
1.844260	1.655164
1.852457	1.614709
1.860654	1.655164
1.868850	1.634459
1.877047	1.640829
1.885244	1.648793
1.893441	1.640192
1.901637	1.654208
1.909834	1.626814
1.918031	1.654208
1.926227	1.622036
1.934424	1.652934
1.942621	1.587634
1.950818	1.653889
1.959014	1.631273
1.967211	1.648156
1.975408	1.626814
1.983604	1.637326
1.991801	1.641467
1.999998	1.631910
2.008195	1.664401
2.016391	1.612798
2.024588	1.658030
2.032785	1.623947
2.040981	1.653889
2.049178	1.632547
2.057375	1.644015
2.065572	1.650067
2.073768	1.637963
2.081965	1.661853
2.090162	1.630636
2.098358	1.656119
2.106555	1.621080
2.114752	1.654208
2.122949	1.640192
2.131145	1.643378
2.139342	1.638600
2.147539	1.639555
2.155735	1.641467
2.163932	1.632866
2.172129	1.654208
2.180326	1.630955
2.188522	1.653889
2.196719	1.639237
2.204916	1.647837
2.213112	1.650386
2.221309	1.642104
2.229506	1.651023
2.237703	1.632229
2.245899	1.679054
2.254096	1.628725
2.262293	1.654208
2.270489	1.628406
2.278686	1.649749
2.286883	1.638600
2.295079	1.632229
2.303276	1.653571
2.311473	1.634777
2.319670	1.664401
2.327866	1.628088
2.336063	1.651660
2.344260	1.601012
2.352456	1.645926
2.360653	1.646245
2.368850	1.635733
2.377047	1.658986
2.385243	1.628088
2.393440	1.659305
2.401637	1.619169
2.409833	1.658349
2.418030	1.629999
2.426227	1.646563
2.434424	1.658986
2.442620	1.632547
2.450817	1.654845
2.459014	1.629044
2.467210	1.658668
2.475407	1.629681
2.483604	1.647519
2.491801	1.633822
2.499997	1.646245
2.508194	1.646245
2.516391	1.633822
2.524587	1.661853
2.532784	1.626177
2.540981	1.664401
2.549178	1.605790
2.557374	1.651978
2.565571	1.637644
2.573768	1.638600
2.581964	1.638281
2.590161	1.637963
2.598358	1.656438
2.606555	1.625858
2.614751	1.659942
2.622948	1.623628
2.631145	1.651023
2.639341	1.638600
2.647538	1.641467
2.655735	1.616302
2.663932	1.634459
2.672128	1.651660
2.680325	1.606746
2.688522	1.661534
2.696718	1.627451
2.704915	1.646245
2.713112	1.640192
2.721309	1.636370
2.729505	1.664720
2.737702	1.635096
2.745899	1.664720
2.754095	1.613117
2.762292	1.656438
2.770489	1.641785
2.778686	1.645608
2.786882	1.643378
2.795079	1.634777
2.803276	1.647200
2.811472	1.637644
2.819669	1.667905
2.827866	1.632547
2.836063	1.673320
2.844259	1.627451
2.852456	1.655482
2.860653	1.632547
2.868849	1.644333
2.877046	1.638281
2.885243	1.641785
2.893440	1.634140
2.901636	1.634459
2.909833	1.660579
2.918030	1.636688
2.926226	1.658668
2.934423	1.637963
2.942620	1.660579
2.950816	1.637326
2.959013	1.652297
2.967210	1.645289
2.975407	1.644015
2.983603	1.649430
2.991800	1.633185
2.999997	1.661216
3.008193	1.633503
3.016390	1.660579
3.024587	1.631910
3.032784	1.661534
3.040980	1.620443
3.049177	1.651341
3.057374	1.619487
3.065570	1.646882
3.073767	1.637326
3.081964	1.638918
3.090161	1.635414
3.098357	1.632547
3.106554	1.630636
3.114751	1.636051
3.122947	1.665994
3.131144	1.630955
3.139341	1.656438
3.147538	1.631910
3.155734	1.653889
3.163931	1.617895
3.172128	1.645608
3.180324	1.593367
3.188521	1.641785
3.196718	1.662809
3.204915	1.635733
3.213111	1.670772
3.221308	1.629999
3.229505	1.662490
3.237701	1.630955
3.245898	1.652934
3.254095	1.618532
3.262292	1.648156
3.270488	1.641467
3.278685	1.654208
3.286882	1.648793
3.295078	1.640511
3.303275	1.652615
3.311472	1.625221
3.319669	1.661534
3.327865	1.615983
3.336062	1.659942
3.344259	1.634140
3.352455	1.653252
3.360652	1.636051
3.368849	1.652297
3.377046	1.641148
3.385242	1.644333
3.393439	1.653571
3.401636	1.643378
3.409832	1.653252
3.418029	1.634459
3.426226	1.659305
3.434423	1.628725
3.442619	1.660260
3.450816	1.626814
3.459013	1.666312
3.467209	1.630636
3.475406	1.654208
3.483603	1.636688
3.491800	1.650067
3.499996	1.646882
3.508193	1.637007
3.516390	1.665038
3.524586	1.635096
3.532783	1.664720
3.540980	1.629999
3.549177	1.661853
3.557373	1.629362
3.565570	1.656438
3.573767	1.637326
3.581963	1.653252
3.590160	1.634777
3.598357	1.645926
3.606553	1.644015
3.614750	1.640829
3.622947	1.655482
3.631144	1.634140
3.639340	1.657393
3.647537	1.634459
3.655734	1.655164
3.663930	1.638600
3.672127	1.667587
3.680324	1.628406
3.688521	1.655164
3.696717	1.600375
3.704914	1.646563
3.713111	1.637963
3.721307	1.644970
3.729504	1.650067
3.737701	1.633822
3.745898	1.656438
3.754094	1.636688
3.762291	1.658986
3.770488	1.631910
3.778684	1.666312
3.786881	1.630955
3.795078	1.655482
3.803275	1.635096
3.811471	1.649749
3.819668	1.643378
3.827865	1.644333
3.836061	1.647837
3.844258	1.636051
3.852455	1.659305
3.860652	1.628406
3.868848	1.666312
3.877045	1.631273
3.885242	1.663446
3.893438	1.625540
3.901635	1.655801
3.909832	1.607701
3.918029	1.646563
3.926225	1.646563
3.934422	1.644015
3.942619	1.652934
3.950815	1.631592
3.959012	1.660579
3.967209	1.632229
3.975406	1.658986
3.983602	1.632547
3.991799	1.652615
3.999996	1.633822
4.008192	1.651341
4.016389	1.654845
4.024586	1.639555
4.032783	1.627451
4.040979	1.631273
4.049176	1.663127
4.057373	1.624584
4.065569	1.659623
4.073766	1.641148
4.081963	1.654208
4.090160	1.626495
4.098356	1.645926
4.106553	1.647519
4.114750	1.631273
4.122946	1.659942
4.131143	1.620762
4.139340	1.646245
4.147537	1.597190
4.155733	1.652615
4.163930	1.625221
4.172127	1.645289
4.180323	1.643378
4.188520	1.638281
4.196717	1.644333
4.204914	1.634140
4.213110	1.661853
4.221307	1.634777
4.229504	1.659623
4.237700	1.628406
4.245897	1.645926
4.254094	1.624903
4.262290	1.636370
4.270487	1.647200
4.278684	1.631273
4.286881	1.657075
4.295077	1.626814
4.303274	1.657393
4.311471	1.618213
4.319667	1.654845
4.327864	1.628725
4.336061	1.644015
4.344258	1.646245
4.352454	1.639555
4.360651	1.664720
4.368848	1.632866
4.377044	1.670135
4.385241	1.630636
4.393438	1.651660
4.401635	1.650704
4.409831	1.644970
4.418028	1.634140
4.426225	1.639237
4.434421	1.652615
4.442618	1.628406
4.450815	1.652297
4.459012	1.633822
4.467208	1.652297
4.475405	1.638918
4.483602	1.643059
4.491798	1.648474
4.499995	1.639874
4.508192	1.629362
4.516389	1.628406
4.524585	1.659623
4.532782	1.633185
4.540979	1.647837
4.549175	1.633185
4.557372	1.639874
4.565569	1.644015
4.573766	1.635414
4.581962	1.652934
4.590159	1.631592
4.598356	1.652297
4.606552	1.632866
4.614749	1.646563
4.622946	1.629999
4.631143	1.644333
4.639339	1.659623
4.647536	1.634777
4.655733	1.653252
4.663929	1.623310
4.672126	1.653252
4.680323	1.658030
4.688520	1.646245
4.696716	1.634140
4.704913	1.634459
4.713110	1.654208
4.721306	1.635096
4.729503	1.658668
4.737700	1.629999
4.745897	1.650386
4.754093	1.650067
4.762290	1.643696
4.770487	1.646245
4.778683	1.629681
4.786880	1.658986
4.795077	1.636370
4.803274	1.653571
4.811470	1.634459
4.819667	1.651341
4.827864	1.641785
4.836060	1.635414
4.844257	1.652297
4.852454	1.582537
4.860651	1.678098
4.868847	1.632547
4.877044	1.651023
4.885241	1.621399
4.893437	1.641148
4.901634	1.656438
4.909831	1.632866
4.918027	1.661534
4.926224	1.629044
4.934421	1.653252
4.942618	1.611205
4.950814	1.643059
4.959011	1.639237
4.967208	1.637644
4.975404	1.651023
4.983601	1.631910
4.991798	1.658986

