LabVIEW Measurement	
Writer_Version	2
Reader_Version	2
Separator	Tab
Decimal_Separator	.
Multi_Headings	Yes
X_Columns	One
Time_Pref	Absolute
Operator	labuser
Date	2023/05/24
Time	11:28:04.0631419874999716548
***End_of_Header***	
	
Channels	1	
Samples	610	
Date	2023/05/24	
Time	11:28:04.0631419874999716548	
Y_Unit_Label	Volts	
X_Dimension	Time	
X0	0.0000000000000000E+0	
Delta_X	0.008197	
***End_of_Header***		
X_Value	Voltage	Comment
0.000000	1.449707
0.008197	1.680965
0.016393	1.654527
0.024590	1.670772
0.032787	1.564380
0.040984	1.514051
0.049180	1.686062
0.057377	1.682558
0.065574	1.596553
0.073770	1.675869
0.081967	1.658030
0.090164	1.668542
0.098361	1.546542
0.106557	1.623947
0.114754	1.615346
0.122951	1.667905
0.131147	1.681602
0.139344	1.673320
0.147541	1.707404
0.155738	1.526156
0.163934	1.668224
0.172131	1.646882
0.180328	1.579989
0.188524	1.666312
0.196721	1.682558
0.204918	1.648474
0.213115	1.686699
0.221311	1.669498
0.229508	1.658349
0.237705	1.672365
0.245901	1.597190
0.254098	1.571388
0.262295	1.613435
0.270492	1.688610
0.278688	1.565017
0.286885	1.639555
0.295082	1.629681
0.303278	1.550365
0.311475	1.579352
0.319672	1.664720
0.327869	1.646882
0.336065	1.673320
0.344262	1.655164
0.352459	1.583174
0.360655	1.672046
0.368852	1.620443
0.377049	1.564062
0.385245	1.594323
0.393442	1.633185
0.401639	1.670135
0.409836	1.649749
0.418032	1.589226
0.426229	1.691477
0.434426	1.513733
0.442622	1.688292
0.450819	1.622036
0.459016	1.628088
0.467213	1.674276
0.475409	1.680647
0.483606	1.644015
0.491803	1.701033
0.499999	1.648793
0.508196	1.680010
0.516393	1.657075
0.524590	1.651023
0.532786	1.644333
0.540983	1.662171
0.549180	1.657712
0.557376	1.676824
0.565573	1.678735
0.573770	1.499717
0.581967	1.651660
0.590163	1.687973
0.598360	1.605472
0.606557	1.665675
0.614753	1.627132
0.622950	1.686062
0.631147	1.632229
0.639344	1.658668
0.647540	1.672046
0.655737	1.584767
0.663934	1.674913
0.672130	1.659623
0.680327	1.547498
0.688524	1.588589
0.696721	1.690840
0.704917	1.620762
0.713114	1.651023
0.721311	1.535393
0.729507	1.675550
0.737704	1.709315
0.745901	1.636370
0.754098	1.670453
0.762294	1.687336
0.770491	1.678735
0.778688	1.481560
0.786884	1.651023
0.795081	1.666631
0.803278	1.612480
0.811475	1.654208
0.819671	1.575848
0.827868	1.643696
0.836065	1.683195
0.844261	1.705493
0.852458	1.674594
0.860655	1.668861
0.868852	1.696892
0.877048	1.590819
0.885245	1.678098
0.893442	1.646882
0.901638	1.679054
0.909835	1.678417
0.918032	1.611524
0.926229	1.652297
0.934425	1.618213
0.942622	1.677143
0.950819	1.588271
0.959015	1.617258
0.967212	1.518511
0.975409	1.637963
0.983606	1.677780
0.991802	1.648793
0.999999	1.653571
1.008196	1.585085
1.016392	1.559602
1.024589	1.520741
1.032786	1.680647
1.040982	1.472960
1.049179	1.504495
1.057376	1.563743
1.065573	1.667587
1.073769	1.639555
1.081966	1.688292
1.090163	1.519148
1.098359	1.659942
1.106556	1.690203
1.114753	1.637326
1.122950	1.674594
1.131146	1.645608
1.139343	1.667268
1.147540	1.616621
1.155736	1.480286
1.163933	1.677143
1.172130	1.674594
1.180327	1.609294
1.188523	1.570114
1.196720	1.561513
1.204917	1.670135
1.213113	1.615665
1.221310	1.719190
1.229507	1.651023
1.237704	1.673957
1.245900	1.644333
1.254097	1.687973
1.262294	1.698485
1.270490	1.636370
1.278687	1.640829
1.286884	1.661534
1.295081	1.723012
1.303277	1.704856
1.311474	1.645926
1.319671	1.669179
1.327867	1.689247
1.336064	1.690840
1.344261	1.591456
1.352458	1.574892
1.360654	1.683195
1.368851	1.719508
1.377048	1.659942
1.385244	1.694981
1.393441	1.696255
1.401638	1.625858
1.409835	1.692433
1.418031	1.672683
1.426228	1.663446
1.434425	1.702626
1.442621	1.651341
1.450818	1.655482
1.459015	1.684788
1.467212	1.671409
1.475408	1.624584
1.483605	1.712500
1.491802	1.610250
1.499998	1.642422
1.508195	1.429320
1.516392	1.684469
1.524589	1.683514
1.532785	1.659623
1.540982	1.649749
1.549179	1.699122
1.557375	1.672046
1.565572	1.638281
1.573769	1.568840
1.581966	1.516918
1.590162	1.688292
1.598359	1.625221
1.606556	1.698803
1.614752	1.618213
1.622949	1.679054
1.631146	1.703581
1.639342	1.602605
1.647539	1.657393
1.655736	1.671409
1.663933	1.671409
1.672129	1.698485
1.680326	1.643696
1.688523	1.657393
1.696719	1.475190
1.704916	1.693070
1.713113	1.597508
1.721310	1.684469
1.729506	1.576803
1.737703	1.672683
1.745900	1.652615
1.754096	1.598464
1.762293	1.639555
1.770490	1.683195
1.778687	1.613754
1.786883	1.647519
1.795080	1.518829
1.803277	1.670135
1.811473	1.630955
1.819670	1.656756
1.827867	1.663764
1.836064	1.697848
1.844260	1.601331
1.852457	1.673320
1.860654	1.651978
1.868850	1.677780
1.877047	1.712500
1.885244	1.675550
1.893441	1.665675
1.901637	1.685106
1.909834	1.679054
1.918031	1.687017
1.926227	1.678417
1.934424	1.534756
1.942621	1.706130
1.950818	1.688292
1.959014	1.648793
1.967211	1.544312
1.975408	1.702307
1.983604	1.680010
1.991801	1.660260
1.999998	1.654208
2.008195	1.640192
2.016391	1.661853
2.024588	1.697211
2.032785	1.694662
2.040981	1.625221
2.049178	1.647837
2.057375	1.667268
2.065572	1.647519
2.073768	1.631910
2.081965	1.506725
2.090162	1.654527
2.098358	1.531252
2.106555	1.675869
2.114752	1.443336
2.122949	1.658030
2.131145	1.677461
2.139342	1.461174
2.147539	1.679691
2.155735	1.656119
2.163932	1.644333
2.172129	1.597190
2.180326	1.699122
2.188522	1.649749
2.196719	1.589545
2.204916	1.684151
2.213112	1.689247
2.221309	1.663127
2.229506	1.695618
2.237703	1.693388
2.245899	1.665675
2.254096	1.667587
2.262293	1.529341
2.270489	1.674594
2.278686	1.615346
2.286883	1.685106
2.295079	1.593367
2.303276	1.678098
2.311473	1.696255
2.319670	1.690840
2.327866	1.606746
2.336063	1.656119
2.344260	1.668542
2.352456	1.510229
2.360653	1.610887
2.368850	1.629999
2.377047	1.655164
2.385243	1.615028
2.393440	1.591138
2.401637	1.719827
2.409833	1.639874
2.418030	1.688610
2.426227	1.671728
2.434424	1.672046
2.442620	1.674913
2.450817	1.670135
2.459014	1.623947
2.467210	1.687973
2.475407	1.653889
2.483604	1.635096
2.491801	1.636688
2.499997	1.632866
2.508194	1.677461
2.516391	1.694344
2.524587	1.673002
2.532784	1.690203
2.540981	1.682239
2.549178	1.579989
2.557374	1.728746
2.565571	1.702944
2.573768	1.555461
2.581964	1.479331
2.590161	1.665675
2.598358	1.623947
2.606555	1.693388
2.614751	1.580626
2.622948	1.608976
2.631145	1.725561
2.639341	1.703581
2.647538	1.696574
2.655735	1.695299
2.663932	1.665038
2.672128	1.611205
2.680325	1.658349
2.688522	1.646882
2.696718	1.686699
2.704915	1.495895
2.713112	1.600694
2.721309	1.586359
2.729505	1.629044
2.737702	1.554824
2.745899	1.692433
2.754095	1.586997
2.762292	1.693388
2.770489	1.539853
2.778686	1.677143
2.786882	1.569158
2.795079	1.647837
2.803276	1.544949
2.811472	1.685743
2.819669	1.524563
2.827866	1.628406
2.836063	1.681284
2.844259	1.687017
2.852456	1.462767
2.860653	1.667268
2.868849	1.561195
2.877046	1.548135
2.885243	1.665675
2.893440	1.690840
2.901636	1.421357
2.909833	1.671728
2.918030	1.531252
2.926226	1.629362
2.934423	1.644333
2.942620	1.687336
2.950816	1.701989
2.959013	1.689884
2.967210	1.669179
2.975407	1.694981
2.983603	1.380584
2.991800	1.716323
2.999997	1.608657
3.008193	1.662171
3.016390	1.663764
3.024587	1.556417
3.032784	1.662171
3.040980	1.563425
3.049177	1.618213
3.057374	1.579352
3.065570	1.568840
3.073767	1.663764
3.081964	1.597508
3.090161	1.704218
3.098357	1.609294
3.106554	1.599101
3.114751	1.643378
3.122947	1.667905
3.131144	1.608339
3.139341	1.639237
3.147538	1.682876
3.155734	1.669179
3.163931	1.622036
3.172128	1.621717
3.180324	1.690521
3.188521	1.672046
3.196718	1.665038
3.204915	1.561513
3.213111	1.664720
3.221308	1.598464
3.229505	1.686380
3.237701	1.578715
3.245898	1.671091
3.254095	1.672046
3.262292	1.645608
3.270488	1.673957
3.278685	1.670453
3.286882	1.684469
3.295078	1.656119
3.303275	1.680010
3.311472	1.642741
3.319669	1.669498
3.327865	1.619169
3.336062	1.592412
3.344259	1.644333
3.352455	1.569477
3.360652	1.697529
3.368849	1.677461
3.377046	1.679691
3.385242	1.672365
3.393439	1.682558
3.401636	1.671409
3.409832	1.373258
3.418029	1.669816
3.426226	1.672683
3.434423	1.490161
3.442619	1.626495
3.450816	1.694025
3.459013	1.642104
3.467209	1.713138
3.475406	1.692114
3.483603	1.604835
3.491800	1.679054
3.499996	1.666631
3.508193	1.683195
3.516390	1.682558
3.524586	1.668861
3.532783	1.686699
3.540980	1.581900
3.549177	1.639874
3.557373	1.697529
3.565570	1.654208
3.573767	1.585085
3.581963	1.502265
3.590160	1.517555
3.598357	1.648474
3.606553	1.654845
3.614750	1.648474
3.622947	1.683195
3.631144	1.723968
3.639340	1.510547
3.647537	1.653252
3.655734	1.595279
3.663930	1.634140
3.672127	1.673639
3.680324	1.691796
3.688521	1.586678
3.696717	1.675550
3.704914	1.671091
3.713111	1.660579
3.721307	1.502584
3.729504	1.717279
3.737701	1.546861
3.745898	1.559284
3.754094	1.676506
3.762291	1.637963
3.770488	1.618213
3.778684	1.578077
3.786881	1.656119
3.795078	1.650067
3.803275	1.734480
3.811471	1.661534
3.819668	1.573299
3.827865	1.606109
3.836061	1.575529
3.844258	1.664401
3.852455	1.599738
3.860652	1.587315
3.868848	1.553550
3.877045	1.668224
3.885242	1.574892
3.893438	1.692433
3.901635	1.641785
3.909832	1.629044
3.918029	1.576485
3.926225	1.644970
3.934422	1.565336
3.942619	1.651023
3.950815	1.648474
3.959012	1.608339
3.967209	1.659623
3.975406	1.699759
3.983602	1.302224
3.991799	1.678735
3.999996	1.597508
4.008192	1.603560
4.016389	1.668542
4.024586	1.509273
4.032783	1.638600
4.040979	1.690840
4.049176	1.679373
4.057373	1.587315
4.065569	1.579033
4.073766	1.605790
4.081963	1.675869
4.090160	1.677143
4.098356	1.596871
4.106553	1.692114
4.114750	1.667905
4.122946	1.526156
4.131143	1.671728
4.139340	1.715049
4.147537	1.616302
4.155733	1.663446
4.163930	1.636688
4.172127	1.646882
4.180323	1.683514
4.188520	1.688610
4.196717	1.713775
4.204914	1.688292
4.213110	1.649749
4.221307	1.545905
4.229504	1.677780
4.237700	1.534119
4.245897	1.530297
4.254094	1.617258
4.262290	1.602286
4.270487	1.656438
4.278684	1.682558
4.286881	1.627451
4.295077	1.703900
4.303274	1.557691
4.311471	1.695937
4.319667	1.559284
4.327864	1.651978
4.336061	1.632229
4.344258	1.704537
4.352454	1.537305
4.360651	1.647837
4.368848	1.645926
4.377044	1.698485
4.385241	1.704537
4.393438	1.677780
4.401635	1.680010
4.409831	1.674276
4.418028	1.675232
4.426225	1.566292
4.434421	1.600694
4.442618	1.602923
4.450815	1.646563
4.459012	1.580307
4.467208	1.608976
4.475405	1.678417
4.483602	1.656119
4.491798	1.644333
4.499995	1.701670
4.508192	1.633822
4.516389	1.659623
4.524585	1.666631
4.532782	1.668861
4.540979	1.621080
4.549175	1.596234
4.557372	1.678735
4.565569	1.666631
4.573766	1.564380
4.581962	1.629044
4.590159	1.649430
4.598356	1.619487
4.606552	1.648156
4.614749	1.667268
4.622946	1.651341
4.631143	1.639237
4.639339	1.425816
4.647536	1.563743
4.655733	1.643696
4.663929	1.716004
4.672126	1.575529
4.680323	1.702944
4.688520	1.665994
4.696716	1.665994
4.704913	1.616302
4.713110	1.521059
4.721306	1.682876
4.729503	1.551957
4.737700	1.582537
4.745897	1.705811
4.754093	1.649749
4.762290	1.535393
4.770487	1.599419
4.778683	1.521378
4.786880	1.641467
4.795077	1.615028
4.803274	1.625858
4.811470	1.585085
4.819667	1.687655
4.827864	1.627451
4.836060	1.690840
4.844257	1.682239
4.852454	1.631273
4.860651	1.640829
4.868847	1.671409
4.877044	1.440150
4.885241	1.692114
4.893437	1.591138
4.901634	1.668861
4.909831	1.487931
4.918027	1.560876
4.926224	1.698166
4.934421	1.658986
4.942618	1.648793
4.950814	1.672365
4.959011	1.628088
4.967208	1.657075
4.975404	1.643059
4.983601	1.631273
4.991798	1.689884

