LabVIEW Measurement	
Writer_Version	2
Reader_Version	2
Separator	Tab
Decimal_Separator	.
Multi_Headings	Yes
X_Columns	One
Time_Pref	Absolute
Operator	labuser
Date	2023/05/24
Time	11:11:50.1131394874999457664
***End_of_Header***	
	
Channels	1	
Samples	610	
Date	2023/05/24	
Time	11:11:50.1131394874999457664	
Y_Unit_Label	Volts	
X_Dimension	Time	
X0	0.0000000000000000E+0	
Delta_X	0.008197	
***End_of_Header***		
X_Value	Voltage	Comment
0.000000	1.653571
0.008197	1.639237
0.016393	1.642422
0.024590	1.645289
0.032787	1.632547
0.040984	1.659623
0.049180	1.623310
0.057377	1.663446
0.065574	1.624265
0.073770	1.670772
0.081967	1.615028
0.090164	1.661216
0.098361	1.615028
0.106557	1.654208
0.114754	1.633822
0.122951	1.644333
0.131147	1.646882
0.139344	1.632547
0.147541	1.645608
0.155738	1.628088
0.163934	1.663127
0.172131	1.609931
0.180328	1.639555
0.188524	1.627451
0.196721	1.665038
0.204918	1.619806
0.213115	1.659305
0.221311	1.628088
0.229508	1.650704
0.237705	1.636370
0.245901	1.640511
0.254098	1.647837
0.262295	1.626495
0.270492	1.656756
0.278688	1.619806
0.286885	1.665038
0.295082	1.619487
0.303278	1.666312
0.311475	1.628406
0.319672	1.663446
0.327869	1.630636
0.336065	1.652934
0.344262	1.617576
0.352459	1.641785
0.360655	1.645289
0.368852	1.638600
0.377049	1.639874
0.385245	1.633822
0.393442	1.657393
0.401639	1.622036
0.409836	1.667268
0.418032	1.620124
0.426229	1.657712
0.434426	1.615028
0.442622	1.676506
0.450819	1.614709
0.459016	1.665357
0.467213	1.625221
0.475409	1.649430
0.483606	1.644652
0.491803	1.638918
0.499999	1.637007
0.508196	1.633503
0.516393	1.648793
0.524590	1.624584
0.532786	1.650704
0.540983	1.608976
0.549180	1.659942
0.557376	1.629362
0.565573	1.664083
0.573770	1.622354
0.581967	1.660260
0.590163	1.629681
0.598360	1.644970
0.606557	1.621717
0.614753	1.637007
0.622950	1.654208
0.631147	1.624265
0.639344	1.654845
0.647540	1.621717
0.655737	1.662809
0.663934	1.614391
0.672130	1.659305
0.680327	1.633503
0.688524	1.653571
0.696721	1.638600
0.704917	1.644015
0.713114	1.641785
0.721311	1.636688
0.729507	1.627132
0.737704	1.616621
0.745901	1.662809
0.754098	1.617258
0.762294	1.670772
0.770491	1.631910
0.778688	1.661853
0.786884	1.628725
0.795081	1.652297
0.803278	1.641148
0.811475	1.635096
0.819671	1.637644
0.827868	1.630955
0.836065	1.667587
0.844261	1.621080
0.852458	1.658349
0.860655	1.623628
0.868852	1.667268
0.877048	1.639555
0.885245	1.657393
0.893442	1.594960
0.901638	1.645289
0.909835	1.625858
0.918032	1.625858
0.926229	1.647519
0.934425	1.621399
0.942622	1.661853
0.950819	1.619487
0.959015	1.657712
0.967212	1.608020
0.975409	1.665357
0.983606	1.631910
0.991802	1.647200
0.999999	1.628088
1.008196	1.638918
1.016392	1.629362
1.024589	1.620124
1.032786	1.637326
1.040982	1.621080
1.049179	1.665038
1.057376	1.627451
1.065573	1.661853
1.073769	1.628088
1.081966	1.652297
1.090163	1.631910
1.098359	1.633822
1.106556	1.639555
1.114753	1.628725
1.122950	1.653889
1.131146	1.613754
1.139343	1.664401
1.147540	1.619169
1.155736	1.656438
1.163933	1.615983
1.172130	1.642104
1.180327	1.637963
1.188523	1.623310
1.196720	1.652934
1.204917	1.610887
1.213113	1.663446
1.221310	1.592730
1.229507	1.657712
1.237704	1.622991
1.245900	1.642741
1.254097	1.649430
1.262294	1.628725
1.270490	1.654208
1.278687	1.620762
1.286884	1.660579
1.295081	1.611842
1.303277	1.658986
1.311474	1.629999
1.319671	1.644333
1.327867	1.634140
1.336064	1.629044
1.344261	1.651660
1.352458	1.622673
1.360654	1.642422
1.368851	1.624265
1.377048	1.660897
1.385244	1.630955
1.393441	1.658986
1.401638	1.629999
1.409835	1.637644
1.418031	1.637007
1.426228	1.623628
1.434425	1.657075
1.442621	1.617895
1.450818	1.668224
1.459015	1.635733
1.467212	1.658349
1.475408	1.615983
1.483605	1.642741
1.491802	1.655164
1.499998	1.623628
1.508195	1.645289
1.516392	1.626177
1.524589	1.646882
1.532785	1.617258
1.540982	1.660260
1.549179	1.624903
1.557375	1.664083
1.565572	1.619487
1.573769	1.656119
1.581966	1.626814
1.590162	1.648793
1.598359	1.634459
1.606556	1.632866
1.614752	1.637007
1.622949	1.627132
1.631146	1.662490
1.639342	1.626814
1.647539	1.653889
1.655736	1.622673
1.663933	1.660579
1.672129	1.622354
1.680326	1.665357
1.688523	1.631592
1.696719	1.662171
1.704916	1.607701
1.713113	1.650704
1.721310	1.635096
1.729506	1.643696
1.737703	1.651023
1.745900	1.610250
1.754096	1.625858
1.762293	1.632229
1.770490	1.635733
1.778687	1.626177
1.786883	1.652934
1.795080	1.621080
1.803277	1.660897
1.811473	1.617258
1.819670	1.662171
1.827867	1.616621
1.836064	1.666312
1.844260	1.628406
1.852457	1.646882
1.860654	1.637326
1.868850	1.638918
1.877047	1.637326
1.885244	1.628088
1.893441	1.635414
1.901637	1.620443
1.909834	1.651341
1.918031	1.621080
1.926227	1.647837
1.934424	1.619806
1.942621	1.663764
1.950818	1.622354
1.959014	1.653252
1.967211	1.642741
1.975408	1.639237
1.983604	1.652615
1.991801	1.629999
1.999998	1.656756
2.008195	1.624584
2.016391	1.655482
2.024588	1.616621
2.032785	1.671728
2.040981	1.623947
2.049178	1.667905
2.057375	1.629681
2.065572	1.656438
2.073768	1.622673
2.081965	1.649749
2.090162	1.634777
2.098358	1.641467
2.106555	1.651341
2.114752	1.622036
2.122949	1.646563
2.131145	1.618532
2.139342	1.669179
2.147539	1.619169
2.155735	1.671091
2.163932	1.623310
2.172129	1.659305
2.180326	1.621080
2.188522	1.646245
2.196719	1.638600
2.204916	1.637644
2.213112	1.632229
2.221309	1.624584
2.229506	1.647837
2.237703	1.623310
2.245899	1.660260
2.254096	1.623947
2.262293	1.661216
2.270489	1.621080
2.278686	1.655482
2.286883	1.636051
2.295079	1.649430
2.303276	1.633822
2.311473	1.637007
2.319670	1.648156
2.327866	1.627132
2.336063	1.650704
2.344260	1.625540
2.352456	1.665675
2.360653	1.622991
2.368850	1.668224
2.377047	1.620443
2.385243	1.657393
2.393440	1.615028
2.401637	1.654527
2.409833	1.626814
2.418030	1.642741
2.426227	1.651660
2.434424	1.626814
2.442620	1.605790
2.450817	1.622036
2.459014	1.666312
2.467210	1.614391
2.475407	1.657712
2.483604	1.632866
2.491801	1.661216
2.499997	1.621080
2.508194	1.650386
2.516391	1.632229
2.524587	1.639237
2.532784	1.629362
2.540981	1.627451
2.549178	1.659623
2.557374	1.616302
2.565571	1.664720
2.573768	1.631910
2.581964	1.658030
2.590161	1.626495
2.598358	1.653889
2.606555	1.625221
2.614751	1.643059
2.622948	1.639555
2.631145	1.622673
2.639341	1.655164
2.647538	1.618850
2.655735	1.642422
2.663932	1.625858
2.672128	1.663127
2.680325	1.629044
2.688522	1.647837
2.696718	1.639237
2.704915	1.633822
2.713112	1.651660
2.721309	1.621717
2.729505	1.660897
2.737702	1.628088
2.745899	1.668861
2.754095	1.618532
2.762292	1.651660
2.770489	1.647200
2.778686	1.635414
2.786882	1.624584
2.795079	1.629044
2.803276	1.657712
2.811472	1.624903
2.819669	1.661853
2.827866	1.626814
2.836063	1.666312
2.844259	1.611842
2.852456	1.656119
2.860653	1.635096
2.868849	1.632229
2.877046	1.656756
2.885243	1.625858
2.893440	1.655164
2.901636	1.622673
2.909833	1.660897
2.918030	1.623947
2.926226	1.658986
2.934423	1.635414
2.942620	1.645608
2.950816	1.634140
2.959013	1.627769
2.967210	1.651660
2.975407	1.617895
2.983603	1.662809
2.991800	1.612161
2.999997	1.663764
3.008193	1.635096
3.016390	1.651023
3.024587	1.641785
3.032784	1.640511
3.040980	1.641785
3.049177	1.631592
3.057374	1.654208
3.065570	1.623310
3.073767	1.661853
3.081964	1.625540
3.090161	1.662171
3.098357	1.631273
3.106554	1.661216
3.114751	1.644970
3.122947	1.642104
3.131144	1.626495
3.139341	1.633822
3.147538	1.655482
3.155734	1.622354
3.163931	1.666950
3.172128	1.611524
3.180324	1.667905
3.188521	1.608339
3.196718	1.662171
3.204915	1.627451
3.213111	1.656438
3.221308	1.633822
3.229505	1.635096
3.237701	1.639237
3.245898	1.622354
3.254095	1.640829
3.262292	1.624903
3.270488	1.656119
3.278685	1.623628
3.286882	1.661853
3.295078	1.604516
3.303275	1.653252
3.311472	1.656438
3.319669	1.645926
3.327865	1.628406
3.336062	1.634140
3.344259	1.645926
3.352455	1.625221
3.360652	1.658668
3.368849	1.621080
3.377046	1.654527
3.385242	1.628088
3.393439	1.662490
3.401636	1.635414
3.409832	1.646563
3.418029	1.644970
3.426226	1.633822
3.434423	1.620443
3.442619	1.624903
3.450816	1.633503
3.459013	1.621717
3.467209	1.666312
3.475406	1.603560
3.483603	1.657075
3.491800	1.637007
3.499996	1.645926
3.508193	1.625540
3.516390	1.627451
3.524586	1.634777
3.532783	1.605472
3.540980	1.662490
3.549177	1.608339
3.557373	1.664720
3.565570	1.630318
3.573767	1.658349
3.581963	1.635414
3.590160	1.641148
3.598357	1.639237
3.606553	1.628725
3.614750	1.658986
3.622947	1.618532
3.631144	1.665357
3.639340	1.623628
3.647537	1.650067
3.655734	1.620124
3.663930	1.634140
3.672127	1.646245
3.680324	1.624584
3.688521	1.645289
3.696717	1.621399
3.704914	1.659305
3.713111	1.615028
3.721307	1.658986
3.729504	1.625221
3.737701	1.632547
3.745898	1.644333
3.754094	1.625221
3.762291	1.661216
3.770488	1.618532
3.778684	1.657393
3.786881	1.616302
3.795078	1.649111
3.803275	1.631592
3.811471	1.639555
3.819668	1.642422
3.827865	1.621080
3.836061	1.656438
3.844258	1.602605
3.852455	1.664401
3.860652	1.622991
3.868848	1.653252
3.877045	1.626814
3.885242	1.642104
3.893438	1.639874
3.901635	1.631592
3.909832	1.642741
3.918029	1.619806
3.926225	1.668224
3.934422	1.619487
3.942619	1.659305
3.950815	1.616939
3.959012	1.643059
3.967209	1.645926
3.975406	1.635096
3.983602	1.651341
3.991799	1.605790
3.999996	1.657393
4.008192	1.613117
4.016389	1.661216
4.024586	1.621717
4.032783	1.647519
4.040979	1.620124
4.049176	1.640192
4.057373	1.648156
4.065569	1.627769
4.073766	1.661853
4.081963	1.619806
4.090160	1.668861
4.098356	1.633822
4.106553	1.655482
4.114750	1.631273
4.122946	1.642741
4.131143	1.634140
4.139340	1.627132
4.147537	1.657075
4.155733	1.628725
4.163930	1.664083
4.172127	1.624265
4.180323	1.662809
4.188520	1.625221
4.196717	1.643378
4.204914	1.647837
4.213110	1.627451
4.221307	1.637007
4.229504	1.624584
4.237700	1.672683
4.245897	1.622036
4.254094	1.656119
4.262290	1.631273
4.270487	1.650704
4.278684	1.638918
4.286881	1.628088
4.295077	1.655164
4.303274	1.613435
4.311471	1.647837
4.319667	1.618213
4.327864	1.667268
4.336061	1.613117
4.344258	1.657393
4.352454	1.622036
4.360651	1.644333
4.368848	1.651660
4.377044	1.632547
4.385241	1.644652
4.393438	1.622673
4.401635	1.655482
4.409831	1.612798
4.418028	1.667587
4.426225	1.629999
4.434421	1.659942
4.442618	1.620443
4.450815	1.647837
4.459012	1.643378
4.467208	1.630318
4.475405	1.652934
4.483602	1.621080
4.491798	1.662809
4.499995	1.598464
4.508192	1.663127
4.516389	1.630318
4.524585	1.655801
4.532782	1.644970
4.540979	1.631592
4.549175	1.624265
4.557372	1.627132
4.565569	1.628725
4.573766	1.611205
4.581962	1.669179
4.590159	1.614709
4.598356	1.665994
4.606552	1.629044
4.614749	1.658986
4.622946	1.626495
4.631143	1.596553
4.639339	1.637326
4.647536	1.625540
4.655733	1.661216
4.663929	1.615983
4.672126	1.656756
4.680323	1.617895
4.688520	1.665994
4.696716	1.611205
4.704913	1.651660
4.713110	1.630636
4.721306	1.652934
4.729503	1.631273
4.737700	1.636370
4.745897	1.653889
4.754093	1.621399
4.762290	1.662171
4.770487	1.618850
4.778683	1.652297
4.786880	1.600057
4.795077	1.667905
4.803274	1.616621
4.811470	1.650386
4.819667	1.643378
4.827864	1.644652
4.836060	1.637007
4.844257	1.629362
4.852454	1.654208
4.860651	1.618532
4.868847	1.668224
4.877044	1.621399
4.885241	1.664720
4.893437	1.625540
4.901634	1.661216
4.909831	1.627451
4.918027	1.644970
4.926224	1.613754
4.934421	1.622036
4.942618	1.653571
4.950814	1.613754
4.959011	1.655482
4.967208	1.608339
4.975404	1.661534
4.983601	1.627769
4.991798	1.656119

