LabVIEW Measurement	
Writer_Version	2
Reader_Version	2
Separator	Tab
Decimal_Separator	.
Multi_Headings	Yes
X_Columns	One
Time_Pref	Absolute
Operator	labuser
Date	2023/05/24
Time	11:12:08.4880443874997516428
***End_of_Header***	
	
Channels	1	
Samples	610	
Date	2023/05/24	
Time	11:12:08.4880443874997516428	
Y_Unit_Label	Volts	
X_Dimension	Time	
X0	0.0000000000000000E+0	
Delta_X	0.008197	
***End_of_Header***		
X_Value	Voltage	Comment
0.000000	1.648156
0.008197	1.637963
0.016393	1.643696
0.024590	1.645926
0.032787	1.638918
0.040984	1.652615
0.049180	1.635096
0.057377	1.651660
0.065574	1.634459
0.073770	1.645926
0.081967	1.639555
0.090164	1.648156
0.098361	1.639874
0.106557	1.645608
0.114754	1.643378
0.122951	1.637963
0.131147	1.644970
0.139344	1.632229
0.147541	1.650067
0.155738	1.632866
0.163934	1.652934
0.172131	1.637326
0.180328	1.647200
0.188524	1.638600
0.196721	1.642104
0.204918	1.647837
0.213115	1.638918
0.221311	1.649430
0.229508	1.635414
0.237705	1.649111
0.245901	1.636051
0.254098	1.647200
0.262295	1.636688
0.270492	1.647837
0.278688	1.642422
0.286885	1.644015
0.295082	1.644652
0.303278	1.638918
0.311475	1.646882
0.319672	1.633822
0.327869	1.651660
0.336065	1.633822
0.344262	1.653252
0.352459	1.638918
0.360655	1.646245
0.368852	1.645608
0.377049	1.638600
0.385245	1.643696
0.393442	1.637007
0.401639	1.650386
0.409836	1.637007
0.418032	1.649430
0.426229	1.638600
0.434426	1.648474
0.442622	1.637963
0.450819	1.648474
0.459016	1.642741
0.467213	1.641785
0.475409	1.649111
0.483606	1.637326
0.491803	1.649749
0.499999	1.632547
0.508196	1.649430
0.516393	1.636051
0.524590	1.648156
0.532786	1.640192
0.540983	1.645926
0.549180	1.640511
0.557376	1.642741
0.565573	1.642741
0.573770	1.637644
0.581967	1.649111
0.590163	1.635414
0.598360	1.652934
0.606557	1.636370
0.614753	1.649430
0.622950	1.638918
0.631147	1.643378
0.639344	1.641785
0.647540	1.641467
0.655737	1.645926
0.663934	1.639237
0.672130	1.649111
0.680327	1.634777
0.688524	1.649749
0.696721	1.634459
0.704917	1.649430
0.713114	1.637326
0.721311	1.648474
0.729507	1.642104
0.737704	1.637963
0.745901	1.648793
0.754098	1.634459
0.762294	1.648793
0.770491	1.635096
0.778688	1.649430
0.786884	1.638918
0.795081	1.647837
0.803278	1.637644
0.811475	1.643378
0.819671	1.641467
0.827868	1.637007
0.836065	1.651341
0.844261	1.634459
0.852458	1.652297
0.860655	1.636051
0.868852	1.647837
0.877048	1.637007
0.885245	1.642422
0.893442	1.641785
0.901638	1.641148
0.909835	1.645289
0.918032	1.639237
0.926229	1.649430
0.934425	1.633185
0.942622	1.652934
0.950819	1.634140
0.959015	1.649111
0.967212	1.639874
0.975409	1.643696
0.983606	1.645926
0.991802	1.640192
0.999999	1.646882
1.008196	1.635096
1.016392	1.645608
1.024589	1.634140
1.032786	1.651023
1.040982	1.636051
1.049179	1.649111
1.057376	1.642741
1.065573	1.641148
1.073769	1.647519
1.081966	1.634777
1.090163	1.650386
1.098359	1.637326
1.106556	1.649749
1.114753	1.638918
1.122950	1.648156
1.131146	1.637007
1.139343	1.647200
1.147540	1.639874
1.155736	1.644970
1.163933	1.644015
1.172130	1.640192
1.180327	1.652934
1.188523	1.635414
1.196720	1.651023
1.204917	1.635733
1.213113	1.651023
1.221310	1.638600
1.229507	1.648156
1.237704	1.642104
1.245900	1.645608
1.254097	1.642422
1.262294	1.639874
1.270490	1.646882
1.278687	1.640192
1.286884	1.647519
1.295081	1.638600
1.303277	1.650704
1.311474	1.634140
1.319671	1.650067
1.327867	1.636688
1.336064	1.651023
1.344261	1.638918
1.352458	1.649430
1.360654	1.641467
1.368851	1.643059
1.377048	1.644970
1.385244	1.638918
1.393441	1.646882
1.401638	1.637326
1.409835	1.650704
1.418031	1.637644
1.426228	1.650386
1.434425	1.634777
1.442621	1.647519
1.450818	1.635414
1.459015	1.648793
1.467212	1.638918
1.475408	1.646563
1.483605	1.644652
1.491802	1.640829
1.499998	1.647519
1.508195	1.636688
1.516392	1.649749
1.524589	1.637644
1.532785	1.650067
1.540982	1.639874
1.549179	1.652297
1.557375	1.636370
1.565572	1.651023
1.573769	1.636688
1.581966	1.649430
1.590162	1.643059
1.598359	1.647837
1.606556	1.644015
1.614752	1.644333
1.622949	1.645289
1.631146	1.636688
1.639342	1.649749
1.647539	1.637326
1.655736	1.651341
1.663933	1.640511
1.672129	1.652934
1.680326	1.635733
1.688523	1.650386
1.696719	1.636370
1.704916	1.649111
1.713113	1.639555
1.721310	1.644970
1.729506	1.644333
1.737703	1.640829
1.745900	1.646245
1.754096	1.638281
1.762293	1.646563
1.770490	1.636688
1.778687	1.650067
1.786883	1.635733
1.795080	1.652934
1.803277	1.636051
1.811473	1.650386
1.819670	1.637963
1.827867	1.644652
1.836064	1.645289
1.844260	1.640192
1.852457	1.649430
1.860654	1.635733
1.868850	1.650067
1.877047	1.633822
1.885244	1.648156
1.893441	1.637963
1.901637	1.647837
1.909834	1.642104
1.918031	1.644015
1.926227	1.643378
1.934424	1.640192
1.942621	1.645926
1.950818	1.634777
1.959014	1.649430
1.967211	1.637007
1.975408	1.650386
1.983604	1.636051
1.991801	1.649430
1.999998	1.637963
2.008195	1.647519
2.016391	1.643378
2.024588	1.644015
2.032785	1.645926
2.040981	1.638918
2.049178	1.648156
2.057375	1.635096
2.065572	1.652615
2.073768	1.635096
2.081965	1.652297
2.090162	1.637326
2.098358	1.649749
2.106555	1.638918
2.114752	1.646563
2.122949	1.646245
2.131145	1.640829
2.139342	1.646882
2.147539	1.638281
2.155735	1.647519
2.163932	1.634140
2.172129	1.649749
2.180326	1.638600
2.188522	1.649111
2.196719	1.638918
2.204916	1.646882
2.213112	1.641467
2.221309	1.642104
2.229506	1.642741
2.237703	1.644015
2.245899	1.644970
2.254096	1.640829
2.262293	1.650067
2.270489	1.634459
2.278686	1.651341
2.286883	1.635096
2.295079	1.652297
2.303276	1.635733
2.311473	1.653252
2.319670	1.638600
2.327866	1.645926
2.336063	1.640829
2.344260	1.638281
2.352456	1.647519
2.360653	1.637644
2.368850	1.648793
2.377047	1.637963
2.385243	1.648474
2.393440	1.635414
2.401637	1.648793
2.409833	1.637644
2.418030	1.649430
2.426227	1.639555
2.434424	1.645608
2.442620	1.642422
2.450817	1.638281
2.459014	1.646882
2.467210	1.635096
2.475407	1.651660
2.483604	1.632866
2.491801	1.654527
2.499997	1.636688
2.508194	1.645608
2.516391	1.640192
2.524587	1.641467
2.532784	1.645608
2.540981	1.638281
2.549178	1.649111
2.557374	1.637963
2.565571	1.648474
2.573768	1.637007
2.581964	1.644015
2.590161	1.634777
2.598358	1.650704
2.606555	1.638918
2.614751	1.650067
2.622948	1.642422
2.631145	1.644015
2.639341	1.644333
2.647538	1.638600
2.655735	1.650386
2.663932	1.635733
2.672128	1.650704
2.680325	1.637644
2.688522	1.649430
2.696718	1.637963
2.704915	1.647837
2.713112	1.639874
2.721309	1.644652
2.729505	1.643059
2.737702	1.643378
2.745899	1.645608
2.754095	1.636370
2.762292	1.649749
2.770489	1.631273
2.778686	1.649749
2.786882	1.635733
2.795079	1.650386
2.803276	1.640829
2.811472	1.647200
2.819669	1.640511
2.827866	1.641467
2.836063	1.641785
2.844259	1.640511
2.852456	1.648156
2.860653	1.637644
2.868849	1.650704
2.877046	1.635733
2.885243	1.650386
2.893440	1.633503
2.901636	1.647519
2.909833	1.640829
2.918030	1.641467
2.926226	1.647519
2.934423	1.638600
2.942620	1.647837
2.950816	1.633822
2.959013	1.648474
2.967210	1.635096
2.975407	1.648474
2.983603	1.640192
2.991800	1.645289
2.999997	1.640192
3.008193	1.640511
3.016390	1.642422
3.024587	1.640192
3.032784	1.649111
3.040980	1.637963
3.049177	1.651978
3.057374	1.634459
3.065570	1.651023
3.073767	1.637644
3.081964	1.646245
3.090161	1.639874
3.098357	1.645926
3.106554	1.642104
3.114751	1.643378
3.122947	1.648474
3.131144	1.636051
3.139341	1.650704
3.147538	1.631910
3.155734	1.649430
3.163931	1.635414
3.172128	1.648474
3.180324	1.642741
3.188521	1.641148
3.196718	1.643378
3.204915	1.643378
3.213111	1.642422
3.221308	1.638600
3.229505	1.650067
3.237701	1.637644
3.245898	1.651978
3.254095	1.633503
3.262292	1.650704
3.270488	1.635096
3.278685	1.650386
3.286882	1.639555
3.295078	1.646563
3.303275	1.644652
3.311472	1.639555
3.319669	1.646563
3.327865	1.637963
3.336062	1.647837
3.344259	1.636688
3.352455	1.650067
3.360652	1.638281
3.368849	1.651978
3.377046	1.634459
3.385242	1.649111
3.393439	1.637644
3.401636	1.643696
3.409832	1.643696
3.418029	1.643696
3.426226	1.645289
3.434423	1.641148
3.442619	1.648156
3.450816	1.639555
3.459013	1.649111
3.467209	1.633503
3.475406	1.652615
3.483603	1.636051
3.491800	1.650067
3.499996	1.640192
3.508193	1.647200
3.516390	1.638600
3.524586	1.645608
3.532783	1.640829
3.540980	1.640829
3.549177	1.646245
3.557373	1.636370
3.565570	1.653571
3.573767	1.633822
3.581963	1.649430
3.590160	1.635414
3.598357	1.647519
3.606553	1.639237
3.614750	1.647519
3.622947	1.642741
3.631144	1.645289
3.639340	1.645289
3.647537	1.638281
3.655734	1.650704
3.663930	1.635096
3.672127	1.652297
3.680324	1.635733
3.688521	1.651978
3.696717	1.640829
3.704914	1.649430
3.713111	1.638281
3.721307	1.646245
3.729504	1.641148
3.737701	1.643059
3.745898	1.647519
3.754094	1.638918
3.762291	1.650704
3.770488	1.637007
3.778684	1.651023
3.786881	1.635733
3.795078	1.648156
3.803275	1.637007
3.811471	1.651023
3.819668	1.639237
3.827865	1.646882
3.836061	1.642741
3.844258	1.638600
3.852455	1.646245
3.860652	1.635096
3.868848	1.649430
3.877045	1.637644
3.885242	1.652615
3.893438	1.637007
3.901635	1.647519
3.909832	1.638918
3.918029	1.646563
3.926225	1.642422
3.934422	1.644015
3.942619	1.644015
3.950815	1.643059
3.959012	1.646245
3.967209	1.638281
3.975406	1.649430
3.983602	1.631910
3.991799	1.650067
3.999996	1.635096
4.008192	1.649430
4.016389	1.641467
4.024586	1.646245
4.032783	1.641467
4.040979	1.637644
4.049176	1.645608
4.057373	1.636688
4.065569	1.648474
4.073766	1.636051
4.081963	1.650704
4.090160	1.634459
4.098356	1.645926
4.106553	1.637963
4.114750	1.641148
4.122946	1.645289
4.131143	1.640829
4.139340	1.648474
4.147537	1.632866
4.155733	1.650704
4.163930	1.634140
4.172127	1.647200
4.180323	1.639237
4.188520	1.642422
4.196717	1.649430
4.204914	1.637644
4.213110	1.647837
4.221307	1.635414
4.229504	1.647200
4.237700	1.635733
4.245897	1.647200
4.254094	1.639555
4.262290	1.645289
4.270487	1.643059
4.278684	1.635414
4.286881	1.645608
4.295077	1.633185
4.303274	1.649749
4.311471	1.634140
4.319667	1.647837
4.327864	1.639237
4.336061	1.639874
4.344258	1.645289
4.352454	1.633822
4.360651	1.649749
4.368848	1.637963
4.377044	1.649430
4.385241	1.638281
4.393438	1.645926
4.401635	1.640511
4.409831	1.639237
4.418028	1.643696
4.426225	1.638918
4.434421	1.649749
4.442618	1.635096
4.450815	1.651023
4.459012	1.634777
4.467208	1.648793
4.475405	1.636051
4.483602	1.643378
4.491798	1.645608
4.499995	1.637326
4.508192	1.650067
4.516389	1.633822
4.524585	1.651341
4.532782	1.633185
4.540979	1.649430
4.549175	1.638281
4.557372	1.645608
4.565569	1.642422
4.573766	1.641785
4.581962	1.644652
4.590159	1.635414
4.598356	1.647200
4.606552	1.635733
4.614749	1.647837
4.622946	1.637326
4.631143	1.649111
4.639339	1.637007
4.647536	1.644970
4.655733	1.642422
4.663929	1.640192
4.672126	1.647837
4.680323	1.637644
4.688520	1.650386
4.696716	1.634777
4.704913	1.647837
4.713110	1.633503
4.721306	1.645926
4.729503	1.639555
4.737700	1.643059
4.745897	1.645926
4.754093	1.638281
4.762290	1.648156
4.770487	1.634140
4.778683	1.648793
4.786880	1.634777
4.795077	1.651978
4.803274	1.638600
4.811470	1.648793
4.819667	1.643378
4.827864	1.642422
4.836060	1.643059
4.844257	1.640829
4.852454	1.646882
4.860651	1.638281
4.868847	1.648793
4.877044	1.636688
4.885241	1.646882
4.893437	1.635733
4.901634	1.648474
4.909831	1.640511
4.918027	1.646245
4.926224	1.643059
4.934421	1.640192
4.942618	1.644970
4.950814	1.635733
4.959011	1.649749
4.967208	1.637326
4.975404	1.651660
4.983601	1.633822
4.991798	1.649111

