LabVIEW Measurement	
Writer_Version	2
Reader_Version	2
Separator	Tab
Decimal_Separator	.
Multi_Headings	Yes
X_Columns	One
Time_Pref	Absolute
Operator	labuser
Date	2023/05/24
Time	11:25:26.6092570874996888796
***End_of_Header***	
	
Channels	1	
Samples	610	
Date	2023/05/24	
Time	11:25:26.6092570874996888796	
Y_Unit_Label	Volts	
X_Dimension	Time	
X0	0.0000000000000000E+0	
Delta_X	0.008197	
***End_of_Header***		
X_Value	Voltage	Comment
0.000000	1.631273
0.008197	1.386955
0.016393	1.528386
0.024590	1.686699
0.032787	1.527748
0.040984	1.443336
0.049180	1.371665
0.057377	1.415942
0.065574	1.403519
0.073770	1.499399
0.081967	1.435372
0.090164	1.535075
0.098361	1.619806
0.106557	1.468182
0.114754	1.576166
0.122951	1.438558
0.131147	1.383451
0.139344	1.541446
0.147541	1.559921
0.155738	1.640192
0.163934	1.378036
0.172131	1.534438
0.180328	1.601012
0.188524	1.489205
0.196721	1.707404
0.204918	1.458307
0.213115	1.542720
0.221311	1.479012
0.229508	1.681921
0.237705	1.329936
0.245901	1.514688
0.254098	1.373258
0.262295	1.594323
0.270492	1.601331
0.278688	1.559284
0.286885	1.480605
0.295082	1.370709
0.303278	1.668224
0.311475	1.437602
0.319672	1.361153
0.327869	1.382177
0.336065	1.508955
0.344262	1.399696
0.352459	1.591775
0.360655	1.590500
0.368852	1.564062
0.377049	1.640192
0.385245	1.633185
0.393442	1.510866
0.401639	1.442062
0.409836	1.469775
0.418032	1.570751
0.426229	1.531889
0.434426	1.528386
0.442622	1.431550
0.450819	1.478694
0.459016	1.485701
0.467213	1.534756
0.475409	1.399696
0.483606	1.595279
0.491803	1.421038
0.499999	1.574574
0.508196	1.466908
0.516393	1.360516
0.524590	1.579989
0.532786	1.427090
0.540983	1.388547
0.549180	1.479331
0.557376	1.556417
0.565573	1.282793
0.573770	1.541446
0.581967	1.538579
0.590163	1.460855
0.598360	1.596871
0.606557	1.635414
0.614753	1.543357
0.622950	1.468182
0.631147	1.510547
0.639344	1.390140
0.647540	1.390777
0.655737	1.531889
0.663934	1.756777
0.672130	1.577759
0.680327	1.330255
0.688524	1.425179
0.696721	1.426135
0.704917	1.584767
0.713114	1.437921
0.721311	1.327707
0.729507	1.505451
0.737704	1.519148
0.745901	1.574255
0.754098	1.324203
0.762294	1.432506
0.770491	1.599419
0.778688	1.329618
0.786884	1.409252
0.795081	1.505769
0.803278	1.376443
0.811475	1.409889
0.819671	1.470412
0.827868	1.480286
0.836065	1.598782
0.844261	1.429320
0.852458	1.299357
0.860655	1.568840
0.868852	1.520104
0.877048	1.687973
0.885245	1.407023
0.893442	1.378673
0.901638	1.466908
0.909835	1.346500
0.918032	1.494302
0.926229	1.628088
0.934425	1.607383
0.942622	1.375806
0.950819	1.359242
0.959015	1.487294
0.967212	1.578077
0.975409	1.518511
0.983606	1.453211
0.991802	1.558010
0.999999	1.594960
1.008196	1.451299
1.016392	1.511503
1.024589	1.573618
1.032786	1.594004
1.040982	1.424542
1.049179	1.368479
1.057376	1.511184
1.065573	1.385043
1.073769	1.462448
1.081966	1.632547
1.090163	1.528067
1.098359	1.405748
1.106556	1.528704
1.114753	1.492391
1.122950	1.499399
1.131146	1.510547
1.139343	1.516600
1.147540	1.395555
1.155736	1.595279
1.163933	1.403200
1.172130	1.398422
1.180327	1.548453
1.188523	1.570433
1.196720	1.418808
1.204917	1.572344
1.213113	1.517237
1.221310	1.445566
1.229507	1.537942
1.237704	1.589545
1.245900	1.504177
1.254097	1.582218
1.262294	1.601012
1.270490	1.419446
1.278687	1.508636
1.286884	1.486339
1.295081	1.393644
1.303277	1.516600
1.311474	1.517874
1.319671	1.487613
1.327867	1.485383
1.336064	1.568521
1.344261	1.439832
1.352458	1.321336
1.360654	1.650067
1.368851	1.552594
1.377048	1.410526
1.385244	1.245842
1.393441	1.457989
1.401638	1.605790
1.409835	1.558965
1.418031	1.307639
1.426228	1.520422
1.434425	1.612480
1.442621	1.485383
1.450818	1.618532
1.459015	1.597508
1.467212	1.455440
1.475408	1.411482
1.483605	1.637644
1.491802	1.456396
1.499998	1.460855
1.508195	1.578715
1.516392	1.656119
1.524589	1.606427
1.532785	1.393007
1.540982	1.357331
1.549179	1.552594
1.557375	1.402244
1.565572	1.600694
1.573769	1.666950
1.581966	1.468500
1.590162	1.399378
1.598359	1.428683
1.606556	1.515963
1.614752	1.624265
1.622949	1.536030
1.631146	1.403200
1.639342	1.472323
1.647539	1.369435
1.655736	1.460537
1.663933	1.652297
1.672129	1.474234
1.680326	1.407341
1.688523	1.409252
1.696719	1.558328
1.704916	1.359879
1.713113	1.663446
1.721310	1.551639
1.729506	1.436010
1.737703	1.461493
1.745900	1.602286
1.754096	1.538897
1.762293	1.526156
1.770490	1.605790
1.778687	1.519785
1.786883	1.402563
1.795080	1.522970
1.803277	1.491117
1.811473	1.528386
1.819670	1.437602
1.827867	1.578077
1.836064	1.432824
1.844260	1.398422
1.852457	1.390777
1.860654	1.445884
1.868850	1.551320
1.877047	1.344589
1.885244	1.459900
1.893441	1.347774
1.901637	1.513096
1.909834	1.479331
1.918031	1.549090
1.926227	1.611205
1.934424	1.500036
1.942621	1.540490
1.950818	1.499399
1.959014	1.587634
1.967211	1.330892
1.975408	1.662171
1.983604	1.463722
1.991801	1.372302
1.999998	1.439195
2.008195	1.529341
2.016391	1.491435
2.024588	1.469775
2.032785	1.554187
2.040981	1.467226
2.049178	1.508955
2.057375	1.417216
2.065572	1.598145
2.073768	1.464678
2.081965	1.485064
2.090162	1.380902
2.098358	1.534119
2.106555	1.589863
2.114752	1.523289
2.122949	1.619806
2.131145	1.438239
2.139342	1.452255
2.147539	1.435372
2.155735	1.519785
2.163932	1.518829
2.172129	1.269096
2.180326	1.493346
2.188522	1.306046
2.196719	1.424542
2.204916	1.450025
2.213112	1.562469
2.221309	1.574892
2.229506	1.547498
2.237703	1.542720
2.245899	1.417216
2.254096	1.415623
2.262293	1.496213
2.270489	1.528386
2.278686	1.504177
2.286883	1.594960
2.295079	1.602923
2.303276	1.589863
2.311473	1.482516
2.319670	1.236605
2.327866	1.369117
2.336063	1.479968
2.344260	1.361153
2.352456	1.289801
2.360653	1.496532
2.368850	1.632547
2.377047	1.569477
2.385243	1.469137
2.393440	1.488568
2.401637	1.556098
2.409833	1.347456
2.418030	1.406385
2.426227	1.403519
2.434424	1.576166
2.442620	1.409571
2.450817	1.406704
2.459014	1.328025
2.467210	1.640829
2.475407	1.409252
2.483604	1.457033
2.491801	1.742125
2.499997	1.484427
2.508194	1.631592
2.516391	1.519785
2.524587	1.579033
2.532784	1.406704
2.540981	1.661216
2.549178	1.621080
2.557374	1.454166
2.565571	1.382177
2.573768	1.579033
2.581964	1.513414
2.590161	1.342041
2.598358	1.498124
2.606555	1.536986
2.614751	1.564062
2.622948	1.582218
2.631145	1.704537
2.639341	1.487294
2.647538	1.652615
2.655735	1.612798
2.663932	1.598464
2.672128	1.409889
2.680325	1.529660
2.688522	1.437921
2.696718	1.480605
2.704915	1.410845
2.713112	1.490161
2.721309	1.450981
2.729505	1.409571
2.737702	1.295534
2.745899	1.535393
2.754095	1.585722
2.762292	1.646882
2.770489	1.312098
2.778686	1.455122
2.786882	1.459263
2.795079	1.474553
2.803276	1.498443
2.811472	1.567884
2.819669	1.469456
2.827866	1.465315
2.836063	1.368798
2.844259	1.389821
2.852456	1.619487
2.860653	1.597827
2.868849	1.505132
2.877046	1.503221
2.885243	1.556735
2.893440	1.583493
2.901636	1.461811
2.909833	1.400333
2.918030	1.615983
2.926226	1.513414
2.934423	1.347774
2.942620	1.523289
2.950816	1.509592
2.959013	1.492709
2.967210	1.363701
2.975407	1.288208
2.983603	1.276103
2.991800	1.546861
2.999997	1.564062
3.008193	1.552276
3.016390	1.475190
3.024587	1.674913
3.032784	1.517874
3.040980	1.558647
3.049177	1.413393
3.057374	1.286615
3.065570	1.676824
3.073767	1.483472
3.081964	1.364657
3.090161	1.416579
3.098357	1.539853
3.106554	1.573936
3.114751	1.517874
3.122947	1.470412
3.131144	1.397785
3.139341	1.661853
3.147538	1.591456
3.155734	1.356056
3.163931	1.538897
3.172128	1.371983
3.180324	1.594004
3.188521	1.465952
3.196718	1.335670
3.204915	1.554506
3.213111	1.467226
3.221308	1.477419
3.229505	1.690203
3.237701	1.521378
3.245898	1.427728
3.254095	1.491754
3.262292	1.342996
3.270488	1.594323
3.278685	1.419127
3.286882	1.507681
3.295078	1.494939
3.303275	1.551320
3.311472	1.508636
3.319669	1.619806
3.327865	1.242657
3.336062	1.401926
3.344259	1.457670
3.352455	1.675869
3.360652	1.418171
3.368849	1.432187
3.377046	1.485701
3.385242	1.374850
3.393439	1.540171
3.401636	1.544631
3.409832	1.598464
3.418029	1.375806
3.426226	1.440469
3.434423	1.476145
3.442619	1.516281
3.450816	1.424542
3.459013	1.391414
3.467209	1.385999
3.475406	1.502265
3.483603	1.586678
3.491800	1.321654
3.499996	1.333122
3.508193	1.617895
3.516390	1.474871
3.524586	1.567247
3.532783	1.529341
3.540980	1.526793
3.549177	1.436010
3.557373	1.627769
3.565570	1.322929
3.573767	1.707085
3.581963	1.687017
3.590160	1.561195
3.598357	1.513096
3.606553	1.308276
3.614750	1.398741
3.622947	1.419764
3.631144	1.366568
3.639340	1.411801
3.647537	1.548453
3.655734	1.605790
3.663930	1.270370
3.672127	1.529341
3.680324	1.571388
3.688521	1.562469
3.696717	1.368479
3.704914	1.409889
3.713111	1.417853
3.721307	1.645608
3.729504	1.330573
3.737701	1.644333
3.745898	1.558010
3.754094	1.394600
3.762291	1.449707
3.770488	1.442380
3.778684	1.677143
3.786881	1.475190
3.795078	1.554506
3.803275	1.422949
3.811471	1.346182
3.819668	1.437284
3.827865	1.436965
3.836061	1.697211
3.844258	1.433780
3.852455	1.556098
3.860652	1.501628
3.868848	1.577440
3.877045	1.434735
3.885242	1.496532
3.893438	1.553550
3.901635	1.493028
3.909832	1.473278
3.918029	1.618213
3.926225	1.658349
3.934422	1.409571
3.942619	1.460855
3.950815	1.348093
3.959012	1.378354
3.967209	1.491754
3.975406	1.707404
3.983602	1.535393
3.991799	1.560558
3.999996	1.475827
4.008192	1.670135
4.016389	1.483472
4.024586	1.566292
4.032783	1.325795
4.040979	1.542401
4.049176	1.452892
4.057373	1.525200
4.065569	1.426772
4.073766	1.385362
4.081963	1.525519
4.090160	1.470412
4.098356	1.538897
4.106553	1.662171
4.114750	1.607701
4.122946	1.630955
4.131143	1.674594
4.139340	1.584448
4.147537	1.373258
4.155733	1.512459
4.163930	1.378036
4.172127	1.554187
4.180323	1.646563
4.188520	1.631592
4.196717	1.559921
4.204914	1.553231
4.213110	1.531571
4.221307	1.464996
4.229504	1.436647
4.237700	1.545268
4.245897	1.479649
4.254094	1.585085
4.262290	1.616302
4.270487	1.531889
4.278684	1.434735
4.286881	1.588271
4.295077	1.375806
4.303274	1.421994
4.311471	1.392051
4.319667	1.334714
4.327864	1.600694
4.336061	1.717597
4.344258	1.369435
4.352454	1.433143
4.360651	1.468500
4.368848	1.450662
4.377044	1.415623
4.385241	1.576485
4.393438	1.392051
4.401635	1.522015
4.409831	1.283430
4.418028	1.400015
4.426225	1.599101
4.434421	1.579989
4.442618	1.618532
4.450815	1.567247
4.459012	1.363383
4.467208	1.430594
4.475405	1.483153
4.483602	1.407978
4.491798	1.343633
4.499995	1.434098
4.508192	1.325158
4.516389	1.341085
4.524585	1.436328
4.532782	1.481879
4.540979	1.537623
4.549175	1.384725
4.557372	1.565017
4.565569	1.526156
4.573766	1.475190
4.581962	1.436965
4.590159	1.514688
4.598356	1.438558
4.606552	1.523607
4.614749	1.325477
4.622946	1.602923
4.631143	1.431231
4.639339	1.726198
4.647536	1.435054
4.655733	1.534756
4.663929	1.458944
4.672126	1.403200
4.680323	1.674594
4.688520	1.471049
4.696716	1.499717
4.704913	1.610250
4.713110	1.592412
4.721306	1.590182
4.729503	1.433143
4.737700	1.712500
4.745897	1.538260
4.754093	1.327070
4.762290	1.551957
4.770487	1.290119
4.778683	1.456396
4.786880	1.441743
4.795077	1.459263
4.803274	1.407978
4.811470	1.622354
4.819667	1.522970
4.827864	1.477419
4.836060	1.355738
4.844257	1.524245
4.852454	1.538260
4.860651	1.573299
4.868847	1.359879
4.877044	1.586997
4.885241	1.278333
4.893437	1.324203
4.901634	1.593049
4.909831	1.440788
4.918027	1.531252
4.926224	1.445247
4.934421	1.421038
4.942618	1.504495
4.950814	1.423268
4.959011	1.420720
4.967208	1.442062
4.975404	1.552276
4.983601	1.477101
4.991798	1.335989

