LabVIEW Measurement	
Writer_Version	2
Reader_Version	2
Separator	Tab
Decimal_Separator	.
Multi_Headings	Yes
X_Columns	One
Time_Pref	Absolute
Operator	labuser
Date	2023/05/24
Time	11:20:37.6931502874996454402
***End_of_Header***	
	
Channels	1	
Samples	610	
Date	2023/05/24	
Time	11:20:37.6931502874996454402	
Y_Unit_Label	Volts	
X_Dimension	Time	
X0	0.0000000000000000E+0	
Delta_X	0.008197	
***End_of_Header***		
X_Value	Voltage	Comment
0.000000	1.646882
0.008197	1.620443
0.016393	1.646882
0.024590	1.599419
0.032787	1.637326
0.040984	1.642741
0.049180	1.637963
0.057377	1.634459
0.065574	1.632547
0.073770	1.634777
0.081967	1.618532
0.090164	1.608657
0.098361	1.621717
0.106557	1.586678
0.114754	1.638918
0.122951	1.640511
0.131147	1.645289
0.139344	1.631273
0.147541	1.624265
0.155738	1.656438
0.163934	1.645926
0.172131	1.633503
0.180328	1.629044
0.188524	1.652934
0.196721	1.653571
0.204918	1.615983
0.213115	1.634459
0.221311	1.607383
0.229508	1.633185
0.237705	1.565973
0.245901	1.635733
0.254098	1.633822
0.262295	1.603560
0.270492	1.626495
0.278688	1.648474
0.286885	1.627769
0.295082	1.639237
0.303278	1.568203
0.311475	1.636051
0.319672	1.593367
0.327869	1.600375
0.336065	1.635733
0.344262	1.614709
0.352459	1.617258
0.360655	1.645926
0.368852	1.633503
0.377049	1.634777
0.385245	1.640192
0.393442	1.585722
0.401639	1.570433
0.409836	1.632229
0.418032	1.631592
0.426229	1.634140
0.434426	1.633822
0.442622	1.625540
0.450819	1.579033
0.459016	1.544949
0.467213	1.583493
0.475409	1.640192
0.483606	1.643378
0.491803	1.619806
0.499999	1.584130
0.508196	1.636370
0.516393	1.621399
0.524590	1.625221
0.532786	1.629681
0.540983	1.598464
0.549180	1.615028
0.557376	1.571070
0.565573	1.576803
0.573770	1.622991
0.581967	1.625540
0.590163	1.641785
0.598360	1.627451
0.606557	1.622991
0.614753	1.656119
0.622950	1.614709
0.631147	1.646882
0.639344	1.633185
0.647540	1.607701
0.655737	1.647519
0.663934	1.648474
0.672130	1.624903
0.680327	1.614072
0.688524	1.644970
0.696721	1.633185
0.704917	1.597827
0.713114	1.572344
0.721311	1.625221
0.729507	1.629681
0.737704	1.644652
0.745901	1.615346
0.754098	1.635733
0.762294	1.653889
0.770491	1.640829
0.778688	1.640511
0.786884	1.640192
0.795081	1.637644
0.803278	1.653889
0.811475	1.637007
0.819671	1.630636
0.827868	1.630318
0.836065	1.623310
0.844261	1.618850
0.852458	1.626495
0.860655	1.618532
0.868852	1.642422
0.877048	1.576166
0.885245	1.648793
0.893442	1.630955
0.901638	1.644015
0.909835	1.576485
0.918032	1.634777
0.926229	1.634777
0.934425	1.652297
0.942622	1.626814
0.950819	1.570114
0.959015	1.634140
0.967212	1.646563
0.975409	1.658349
0.983606	1.635096
0.991802	1.638918
0.999999	1.605472
1.008196	1.651978
1.016392	1.575848
1.024589	1.626177
1.032786	1.638918
1.040982	1.650386
1.049179	1.626814
1.057376	1.644333
1.065573	1.638600
1.073769	1.641785
1.081966	1.608339
1.090163	1.622036
1.098359	1.644015
1.106556	1.641785
1.114753	1.623628
1.122950	1.631273
1.131146	1.629999
1.139343	1.628725
1.147540	1.623628
1.155736	1.658030
1.163933	1.637644
1.172130	1.610887
1.180327	1.629362
1.188523	1.638600
1.196720	1.614391
1.204917	1.572344
1.213113	1.617258
1.221310	1.632866
1.229507	1.617258
1.237704	1.628406
1.245900	1.601649
1.254097	1.646245
1.262294	1.644015
1.270490	1.627451
1.278687	1.629044
1.286884	1.629999
1.295081	1.639237
1.303277	1.631273
1.311474	1.649111
1.319671	1.631273
1.327867	1.595279
1.336064	1.642741
1.344261	1.639555
1.352458	1.643059
1.360654	1.623628
1.368851	1.634777
1.377048	1.621080
1.385244	1.593686
1.393441	1.630955
1.401638	1.598782
1.409835	1.649430
1.418031	1.556417
1.426228	1.619487
1.434425	1.616939
1.442621	1.596553
1.450818	1.628088
1.459015	1.628088
1.467212	1.645289
1.475408	1.577440
1.483605	1.624903
1.491802	1.626177
1.499998	1.612161
1.508195	1.647200
1.516392	1.602605
1.524589	1.614391
1.532785	1.616621
1.540982	1.593686
1.549179	1.633185
1.557375	1.640829
1.565572	1.612161
1.573769	1.634459
1.581966	1.629999
1.590162	1.653889
1.598359	1.636370
1.606556	1.557691
1.614752	1.658349
1.622949	1.625540
1.631146	1.628725
1.639342	1.623947
1.647539	1.612798
1.655736	1.630955
1.663933	1.639237
1.672129	1.635414
1.680326	1.646882
1.688523	1.635733
1.696719	1.621080
1.704916	1.609613
1.713113	1.570114
1.721310	1.575211
1.729506	1.612798
1.737703	1.597508
1.745900	1.632547
1.754096	1.605790
1.762293	1.653889
1.770490	1.638600
1.778687	1.623628
1.786883	1.628088
1.795080	1.630636
1.803277	1.564699
1.811473	1.588271
1.819670	1.629362
1.827867	1.584448
1.836064	1.637326
1.844260	1.645289
1.852457	1.638918
1.860654	1.630636
1.868850	1.642104
1.877047	1.635414
1.885244	1.644970
1.893441	1.640192
1.901637	1.592093
1.909834	1.648793
1.918031	1.640192
1.926227	1.644970
1.934424	1.636051
1.942621	1.630636
1.950818	1.620443
1.959014	1.614072
1.967211	1.593367
1.975408	1.637326
1.983604	1.643059
1.991801	1.627132
1.999998	1.641785
2.008195	1.635414
2.016391	1.605472
2.024588	1.545268
2.032785	1.641785
2.040981	1.636688
2.049178	1.628406
2.057375	1.634459
2.065572	1.624584
2.073768	1.648474
2.081965	1.643696
2.090162	1.613117
2.098358	1.665357
2.106555	1.645926
2.114752	1.639874
2.122949	1.646245
2.131145	1.636051
2.139342	1.633503
2.147539	1.623947
2.155735	1.576166
2.163932	1.637007
2.172129	1.637007
2.180326	1.662809
2.188522	1.595916
2.196719	1.632547
2.204916	1.567884
2.213112	1.638918
2.221309	1.665994
2.229506	1.635414
2.237703	1.618532
2.245899	1.637963
2.254096	1.632866
2.262293	1.659623
2.270489	1.644970
2.278686	1.591775
2.286883	1.594004
2.295079	1.635096
2.303276	1.638281
2.311473	1.636688
2.319670	1.634777
2.327866	1.641785
2.336063	1.634140
2.344260	1.622354
2.352456	1.620124
2.360653	1.634459
2.368850	1.633822
2.377047	1.650067
2.385243	1.555143
2.393440	1.627132
2.401637	1.558010
2.409833	1.632866
2.418030	1.596553
2.426227	1.590819
2.434424	1.637007
2.442620	1.634140
2.450817	1.600694
2.459014	1.606746
2.467210	1.561832
2.475407	1.635733
2.483604	1.630318
2.491801	1.631910
2.499997	1.643378
2.508194	1.648793
2.516391	1.624265
2.524587	1.648793
2.532784	1.621399
2.540981	1.651341
2.549178	1.632866
2.557374	1.583174
2.565571	1.565336
2.573768	1.641785
2.581964	1.640511
2.590161	1.645289
2.598358	1.598464
2.606555	1.653571
2.614751	1.638600
2.622948	1.610568
2.631145	1.638918
2.639341	1.630636
2.647538	1.634140
2.655735	1.640511
2.663932	1.601649
2.672128	1.637007
2.680325	1.633822
2.688522	1.654208
2.696718	1.636370
2.704915	1.604516
2.713112	1.633185
2.721309	1.638600
2.729505	1.623628
2.737702	1.629999
2.745899	1.592093
2.754095	1.541764
2.762292	1.611842
2.770489	1.643378
2.778686	1.647519
2.786882	1.647837
2.795079	1.618213
2.803276	1.651660
2.811472	1.628725
2.819669	1.577122
2.827866	1.631592
2.836063	1.642741
2.844259	1.638918
2.852456	1.637963
2.860653	1.590819
2.868849	1.614072
2.877046	1.619487
2.885243	1.602923
2.893440	1.628725
2.901636	1.646563
2.909833	1.637963
2.918030	1.633503
2.926226	1.647837
2.934423	1.552276
2.942620	1.637007
2.950816	1.623310
2.959013	1.609294
2.967210	1.611205
2.975407	1.621080
2.983603	1.648474
2.991800	1.596871
2.999997	1.642741
3.008193	1.632866
3.016390	1.637007
3.024587	1.615028
3.032784	1.598145
3.040980	1.634777
3.049177	1.630955
3.057374	1.631910
3.065570	1.625540
3.073767	1.618532
3.081964	1.629044
3.090161	1.575848
3.098357	1.637644
3.106554	1.627451
3.114751	1.647837
3.122947	1.627132
3.131144	1.633822
3.139341	1.638281
3.147538	1.644333
3.155734	1.656119
3.163931	1.630636
3.172128	1.640511
3.180324	1.654845
3.188521	1.620443
3.196718	1.607383
3.204915	1.623947
3.213111	1.642104
3.221308	1.643696
3.229505	1.613754
3.237701	1.647837
3.245898	1.615983
3.254095	1.562788
3.262292	1.633503
3.270488	1.602286
3.278685	1.631273
3.286882	1.623628
3.295078	1.584130
3.303275	1.636370
3.311472	1.625221
3.319669	1.636051
3.327865	1.620443
3.336062	1.579033
3.344259	1.580944
3.352455	1.634459
3.360652	1.628725
3.368849	1.642104
3.377046	1.593686
3.385242	1.634140
3.393439	1.582856
3.401636	1.617576
3.409832	1.623628
3.418029	1.605472
3.426226	1.621399
3.434423	1.637007
3.442619	1.607064
3.450816	1.625858
3.459013	1.611205
3.467209	1.636370
3.475406	1.607701
3.483603	1.590182
3.491800	1.644652
3.499996	1.641467
3.508193	1.634140
3.516390	1.622354
3.524586	1.632547
3.532783	1.623628
3.540980	1.633503
3.549177	1.635733
3.557373	1.611205
3.565570	1.574255
3.573767	1.553550
3.581963	1.638918
3.590160	1.632547
3.598357	1.646245
3.606553	1.595597
3.614750	1.650704
3.622947	1.597827
3.631144	1.631273
3.639340	1.635733
3.647537	1.629999
3.655734	1.611524
3.663930	1.664720
3.672127	1.631910
3.680324	1.637963
3.688521	1.618213
3.696717	1.592093
3.704914	1.576166
3.713111	1.621717
3.721307	1.626814
3.729504	1.608339
3.737701	1.592730
3.745898	1.583174
3.754094	1.646563
3.762291	1.644652
3.770488	1.637963
3.778684	1.620124
3.786881	1.619169
3.795078	1.627451
3.803275	1.640829
3.811471	1.629362
3.819668	1.626177
3.827865	1.629999
3.836061	1.615028
3.844258	1.622036
3.852455	1.634140
3.860652	1.629044
3.868848	1.583174
3.877045	1.601968
3.885242	1.615983
3.893438	1.635096
3.901635	1.613435
3.909832	1.647519
3.918029	1.638600
3.926225	1.635733
3.934422	1.615665
3.942619	1.632547
3.950815	1.590819
3.959012	1.580626
3.967209	1.595916
3.975406	1.599419
3.983602	1.647519
3.991799	1.623628
3.999996	1.628406
4.008192	1.655482
4.016389	1.630955
4.024586	1.635733
4.032783	1.662809
4.040979	1.636688
4.049176	1.610568
4.057373	1.603560
4.065569	1.609294
4.073766	1.596234
4.081963	1.588908
4.090160	1.621080
4.098356	1.587952
4.106553	1.636370
4.114750	1.629999
4.122946	1.638281
4.131143	1.626495
4.139340	1.644652
4.147537	1.645926
4.155733	1.634777
4.163930	1.619806
4.172127	1.642422
4.180323	1.633822
4.188520	1.589226
4.196717	1.614709
4.204914	1.629362
4.213110	1.618532
4.221307	1.631910
4.229504	1.643059
4.237700	1.635096
4.245897	1.580944
4.254094	1.635733
4.262290	1.603879
4.270487	1.560239
4.278684	1.589545
4.286881	1.632866
4.295077	1.617258
4.303274	1.619806
4.311471	1.630636
4.319667	1.570114
4.327864	1.621399
4.336061	1.635733
4.344258	1.626177
4.352454	1.568840
4.360651	1.625858
4.368848	1.637326
4.377044	1.572025
4.385241	1.647837
4.393438	1.642104
4.401635	1.590819
4.409831	1.633503
4.418028	1.622673
4.426225	1.605153
4.434421	1.622673
4.442618	1.609294
4.450815	1.600375
4.459012	1.636688
4.467208	1.641148
4.475405	1.580944
4.483602	1.607383
4.491798	1.651341
4.499995	1.640829
4.508192	1.579352
4.516389	1.631273
4.524585	1.631273
4.532782	1.623628
4.540979	1.602605
4.549175	1.638281
4.557372	1.633822
4.565569	1.605153
4.573766	1.642422
4.581962	1.634140
4.590159	1.633503
4.598356	1.636051
4.606552	1.637644
4.614749	1.592730
4.622946	1.636688
4.631143	1.643378
4.639339	1.633822
4.647536	1.565017
4.655733	1.651023
4.663929	1.613117
4.672126	1.626814
4.680323	1.629999
4.688520	1.594641
4.696716	1.627769
4.704913	1.632229
4.713110	1.575848
4.721306	1.633822
4.729503	1.609613
4.737700	1.635414
4.745897	1.633822
4.754093	1.612798
4.762290	1.605472
4.770487	1.584130
4.778683	1.643696
4.786880	1.635414
4.795077	1.595597
4.803274	1.638281
4.811470	1.642741
4.819667	1.629681
4.827864	1.638281
4.836060	1.633822
4.844257	1.632547
4.852454	1.634777
4.860651	1.645608
4.868847	1.615665
4.877044	1.565017
4.885241	1.541127
4.893437	1.636370
4.901634	1.625221
4.909831	1.631592
4.918027	1.623310
4.926224	1.628725
4.934421	1.631592
4.942618	1.571388
4.950814	1.644652
4.959011	1.638281
4.967208	1.639237
4.975404	1.646563
4.983601	1.640829
4.991798	1.647519

