LabVIEW Measurement	
Writer_Version	2
Reader_Version	2
Separator	Tab
Decimal_Separator	.
Multi_Headings	Yes
X_Columns	One
Time_Pref	Absolute
Operator	labuser
Date	2023/05/24
Time	11:25:12.3943554874998001544
***End_of_Header***	
	
Channels	1	
Samples	610	
Date	2023/05/24	
Time	11:25:12.3943554874998001544	
Y_Unit_Label	Volts	
X_Dimension	Time	
X0	0.0000000000000000E+0	
Delta_X	0.008197	
***End_of_Header***		
X_Value	Voltage	Comment
0.000000	1.644015
0.008197	1.567247
0.016393	1.752636
0.024590	1.647837
0.032787	1.649430
0.040984	1.576803
0.049180	1.663764
0.057377	1.460537
0.065574	1.671728
0.073770	1.626814
0.081967	1.640829
0.090164	1.431231
0.098361	1.705493
0.106557	1.686380
0.114754	1.764741
0.122951	1.665675
0.131147	1.683514
0.139344	1.520741
0.147541	1.664720
0.155738	1.585722
0.163934	1.629362
0.172131	1.693388
0.180328	1.645289
0.188524	1.601968
0.196721	1.708041
0.204918	1.451618
0.213115	1.629999
0.221311	1.667587
0.229508	1.708359
0.237705	1.670453
0.245901	1.689566
0.254098	1.669498
0.262295	1.687336
0.270492	1.680965
0.278688	1.600375
0.286885	1.698166
0.295082	1.606109
0.303278	1.650067
0.311475	1.676187
0.319672	1.593367
0.327869	1.549090
0.336065	1.490161
0.344262	1.677780
0.352459	1.694344
0.360655	1.565973
0.368852	1.679373
0.377049	1.688292
0.385245	1.608020
0.393442	1.540809
0.401639	1.737984
0.409836	1.577440
0.418032	1.594323
0.426229	1.654845
0.434426	1.465634
0.442622	1.567884
0.450819	1.607701
0.459016	1.659942
0.467213	1.623310
0.475409	1.594004
0.483606	1.518192
0.491803	1.610568
0.499999	1.620443
0.508196	1.661534
0.516393	1.655801
0.524590	1.671091
0.532786	1.566292
0.540983	1.725561
0.549180	1.659623
0.557376	1.621717
0.565573	1.690203
0.573770	1.629999
0.581967	1.698485
0.590163	1.709952
0.598360	1.652615
0.606557	1.695299
0.614753	1.630955
0.622950	1.686062
0.631147	1.600375
0.639344	1.541446
0.647540	1.523289
0.655737	1.482516
0.663934	1.733205
0.672130	1.639555
0.680327	1.650704
0.688524	1.509910
0.696721	1.643378
0.704917	1.645608
0.713114	1.539853
0.721311	1.628088
0.729507	1.464996
0.737704	1.622354
0.745901	1.671728
0.754098	1.682876
0.762294	1.656438
0.770491	1.606427
0.778688	1.628406
0.786884	1.546861
0.795081	1.614391
0.803278	1.597827
0.811475	1.614391
0.819671	1.619487
0.827868	1.616621
0.836065	1.658349
0.844261	1.632866
0.852458	1.713138
0.860655	1.601012
0.868852	1.615665
0.877048	1.724923
0.885245	1.617258
0.893442	1.394600
0.901638	1.663127
0.909835	1.613117
0.918032	1.631592
0.926229	1.640511
0.934425	1.588908
0.942622	1.692433
0.950819	1.637644
0.959015	1.629044
0.967212	1.525519
0.975409	1.619487
0.983606	1.656119
0.991802	1.672046
0.999999	1.584130
1.008196	1.628088
1.016392	1.623947
1.024589	1.432506
1.032786	1.619487
1.040982	1.662809
1.049179	1.652934
1.057376	1.710271
1.065573	1.363701
1.073769	1.545587
1.081966	1.645289
1.090163	1.714730
1.098359	1.685425
1.106556	1.688929
1.114753	1.716323
1.122950	1.676506
1.131146	1.611842
1.139343	1.660260
1.147540	1.694662
1.155736	1.684788
1.163933	1.528067
1.172130	1.435372
1.180327	1.532208
1.188523	1.673002
1.196720	1.676187
1.204917	1.614072
1.213113	1.488887
1.221310	1.735117
1.229507	1.581581
1.237704	1.651978
1.245900	1.468819
1.254097	1.632866
1.262294	1.694981
1.270490	1.710589
1.278687	1.661534
1.286884	1.579670
1.295081	1.667905
1.303277	1.643378
1.311474	1.554187
1.319671	1.634777
1.327867	1.629999
1.336064	1.702626
1.344261	1.614709
1.352458	1.669179
1.360654	1.651660
1.368851	1.658030
1.377048	1.592412
1.385244	1.677143
1.393441	1.658668
1.401638	1.556098
1.409835	1.589226
1.418031	1.629999
1.426228	1.516918
1.434425	1.625540
1.442621	1.629362
1.450818	1.734480
1.459015	1.654527
1.467212	1.741487
1.475408	1.684151
1.483605	1.577440
1.491802	1.610887
1.499998	1.587634
1.508195	1.668224
1.516392	1.580307
1.524589	1.284704
1.532785	1.600694
1.540982	1.534756
1.549179	1.696255
1.557375	1.525519
1.565572	1.745947
1.573769	1.628088
1.581966	1.685743
1.590162	1.556735
1.598359	1.601968
1.606556	1.707085
1.614752	1.616939
1.622949	1.692433
1.631146	1.705174
1.639342	1.629999
1.647539	1.446203
1.655736	1.739258
1.663933	1.620443
1.672129	1.542401
1.680326	1.646245
1.688523	1.457352
1.696719	1.581900
1.704916	1.509910
1.713113	1.631592
1.721310	1.664720
1.729506	1.633822
1.737703	1.600057
1.745900	1.696255
1.754096	1.687336
1.762293	1.643696
1.770490	1.549409
1.778687	1.689247
1.786883	1.719190
1.795080	1.641785
1.803277	1.671409
1.811473	1.649111
1.819670	1.752955
1.827867	1.562151
1.836064	1.626495
1.844260	1.654208
1.852457	1.646245
1.860654	1.576485
1.868850	1.514688
1.877047	1.595597
1.885244	1.512777
1.893441	1.679054
1.901637	1.662171
1.909834	1.524245
1.918031	1.515963
1.926227	1.638600
1.934424	1.648793
1.942621	1.599738
1.950818	1.474871
1.959014	1.681284
1.967211	1.633185
1.975408	1.631592
1.983604	1.628725
1.991801	1.624584
1.999998	1.462130
2.008195	1.728746
2.016391	1.706767
2.024588	1.681602
2.032785	1.697529
2.040981	1.651978
2.049178	1.627451
2.057375	1.586997
2.065572	1.600375
2.073768	1.629999
2.081965	1.521378
2.090162	1.596553
2.098358	1.723012
2.106555	1.715049
2.114752	1.512140
2.122949	1.610887
2.131145	1.534438
2.139342	1.747858
2.147539	1.685106
2.155735	1.706767
2.163932	1.603242
2.172129	1.644652
2.180326	1.708997
2.188522	1.615346
2.196719	1.654845
2.204916	1.688929
2.213112	1.613117
2.221309	1.607064
2.229506	1.507681
2.237703	1.636688
2.245899	1.424224
2.254096	1.583811
2.262293	1.701670
2.270489	1.693070
2.278686	1.579989
2.286883	1.576803
2.295079	1.620124
2.303276	1.707404
2.311473	1.596871
2.319670	1.576485
2.327866	1.672365
2.336063	1.500991
2.344260	1.601331
2.352456	1.523926
2.360653	1.641148
2.368850	1.556735
2.377047	1.705493
2.385243	1.618213
2.393440	1.568840
2.401637	1.632866
2.409833	1.664401
2.418030	1.696574
2.426227	1.608020
2.434424	1.560239
2.442620	1.745310
2.450817	1.603560
2.459014	1.627132
2.467210	1.709315
2.475407	1.631592
2.483604	1.652934
2.491801	1.531571
2.499997	1.573936
2.508194	1.698166
2.516391	1.608020
2.524587	1.459581
2.532784	1.687017
2.540981	1.602286
2.549178	1.701033
2.557374	1.644652
2.565571	1.569477
2.573768	1.647519
2.581964	1.535075
2.590161	1.731294
2.598358	1.577759
2.606555	1.568521
2.614751	1.617895
2.622948	1.567566
2.631145	1.626177
2.639341	1.734480
2.647538	1.688610
2.655735	1.666631
2.663932	1.537942
2.672128	1.700078
2.680325	1.659942
2.688522	1.716004
2.696718	1.694981
2.704915	1.493346
2.713112	1.626177
2.721309	1.679054
2.729505	1.659305
2.737702	1.628088
2.745899	1.475508
2.754095	1.533164
2.762292	1.777164
2.770489	1.626177
2.778686	1.668542
2.786882	1.683195
2.795079	1.602286
2.803276	1.657712
2.811472	1.636370
2.819669	1.631592
2.827866	1.496213
2.836063	1.544631
2.844259	1.675232
2.852456	1.410526
2.860653	1.646245
2.868849	1.665357
2.877046	1.621080
2.885243	1.683195
2.893440	1.558965
2.901636	1.663764
2.909833	1.576166
2.918030	1.722375
2.926226	1.706130
2.934423	1.583493
2.942620	1.687655
2.950816	1.662809
2.959013	1.696255
2.967210	1.487294
2.975407	1.602286
2.983603	1.573618
2.991800	1.666950
2.999997	1.712500
3.008193	1.679691
3.016390	1.682239
3.024587	1.634140
3.032784	1.643696
3.040980	1.639874
3.049177	1.703263
3.057374	1.647200
3.065570	1.713775
3.073767	1.632547
3.081964	1.655482
3.090161	1.589226
3.098357	1.705174
3.106554	1.641467
3.114751	1.655482
3.122947	1.647519
3.131144	1.660260
3.139341	1.688610
3.147538	1.658030
3.155734	1.696574
3.163931	1.640829
3.172128	1.502265
3.180324	1.594641
3.188521	1.623947
3.196718	1.476464
3.204915	1.718871
3.213111	1.660260
3.221308	1.623947
3.229505	1.629681
3.237701	1.699122
3.245898	1.578396
3.254095	1.639874
3.262292	1.662809
3.270488	1.624265
3.278685	1.662171
3.286882	1.667905
3.295078	1.365613
3.303275	1.749132
3.311472	1.421038
3.319669	1.733205
3.327865	1.624265
3.336062	1.662490
3.344259	1.560239
3.352455	1.661216
3.360652	1.664720
3.368849	1.725879
3.377046	1.627132
3.385242	1.685743
3.393439	1.596234
3.401636	1.649111
3.409832	1.691158
3.418029	1.691796
3.426226	1.705174
3.434423	1.457989
3.442619	1.690521
3.450816	1.638600
3.459013	1.626814
3.467209	1.608976
3.475406	1.631592
3.483603	1.452892
3.491800	1.702626
3.499996	1.645289
3.508193	1.723968
3.516390	1.632547
3.524586	1.675869
3.532783	1.647519
3.540980	1.718871
3.549177	1.657075
3.557373	1.612798
3.565570	1.555143
3.573767	1.463404
3.581963	1.589545
3.590160	1.634777
3.598357	1.650386
3.606553	1.659942
3.614750	1.624265
3.622947	1.479649
3.631144	1.609613
3.639340	1.649430
3.647537	1.649111
3.655734	1.576485
3.663930	1.652934
3.672127	1.366568
3.680324	1.693070
3.688521	1.496532
3.696717	1.685106
3.704914	1.529023
3.713111	1.607701
3.721307	1.664083
3.729504	1.688292
3.737701	1.661853
3.745898	1.640511
3.754094	1.674913
3.762291	1.510229
3.770488	1.645289
3.778684	1.664720
3.786881	1.611524
3.795078	1.631273
3.803275	1.717916
3.811471	1.278333
3.819668	1.631592
3.827865	1.700715
3.836061	1.615983
3.844258	1.736709
3.852455	1.640511
3.860652	1.540171
3.868848	1.680328
3.877045	1.495258
3.885242	1.569158
3.893438	1.630318
3.901635	1.699440
3.909832	1.623310
3.918029	1.513414
3.926225	1.629044
3.934422	1.623947
3.942619	1.644652
3.950815	1.619169
3.959012	1.644970
3.967209	1.643696
3.975406	1.655801
3.983602	1.660260
3.991799	1.599419
3.999996	1.645926
4.008192	1.627132
4.016389	1.682239
4.024586	1.708997
4.032783	1.665994
4.040979	1.564380
4.049176	1.440788
4.057373	1.644015
4.065569	1.711226
4.073766	1.632866
4.081963	1.539853
4.090160	1.668224
4.098356	1.462767
4.106553	1.535393
4.114750	1.684788
4.122946	1.657393
4.131143	1.553550
4.139340	1.556417
4.147537	1.712819
4.155733	1.663764
4.163930	1.656119
4.172127	1.705493
4.180323	1.644970
4.188520	1.688610
4.196717	1.684788
4.204914	1.541764
4.213110	1.599419
4.221307	1.670135
4.229504	1.630636
4.237700	1.593049
4.245897	1.701670
4.254094	1.625540
4.262290	1.550683
4.270487	1.707722
4.278684	1.669179
4.286881	1.322610
4.295077	1.575848
4.303274	1.692433
4.311471	1.660897
4.319667	1.600375
4.327864	1.739576
4.336061	1.650386
4.344258	1.652615
4.352454	1.546861
4.360651	1.696574
4.368848	1.563106
4.377044	1.648793
4.385241	1.476782
4.393438	1.699122
4.401635	1.719827
4.409831	1.660579
4.418028	1.655801
4.426225	1.566292
4.434421	1.560558
4.442618	1.612161
4.450815	1.687336
4.459012	1.631592
4.467208	1.588271
4.475405	1.677461
4.483602	1.625221
4.491798	1.592093
4.499995	1.753273
4.508192	1.686380
4.516389	1.726516
4.524585	1.583174
4.532782	1.648793
4.540979	1.675869
4.549175	1.631910
4.557372	1.417534
4.565569	1.684788
4.573766	1.619169
4.581962	1.630636
4.590159	1.536668
4.598356	1.693707
4.606552	1.632547
4.614749	1.547498
4.622946	1.435054
4.631143	1.603879
4.639339	1.570114
4.647536	1.673639
4.655733	1.637326
4.663929	1.312098
4.672126	1.658030
4.680323	1.628406
4.688520	1.582537
4.696716	1.695299
4.704913	1.638918
4.713110	1.590500
4.721306	1.721101
4.729503	1.671091
4.737700	1.550683
4.745897	1.598145
4.754093	1.695618
4.762290	1.421038
4.770487	1.655482
4.778683	1.679373
4.786880	1.448751
4.795077	1.621080
4.803274	1.689247
4.811470	1.665357
4.819667	1.646245
4.827864	1.617895
4.836060	1.730976
4.844257	1.478375
4.852454	1.650704
4.860651	1.669816
4.868847	1.542401
4.877044	1.687973
4.885241	1.726835
4.893437	1.636051
4.901634	1.687655
4.909831	1.572662
4.918027	1.626814
4.926224	1.706130
4.934421	1.627132
4.942618	1.654527
4.950814	1.573936
4.959011	1.669179
4.967208	1.558010
4.975404	1.626814
4.983601	1.470730
4.991798	1.674913

