LabVIEW Measurement	
Writer_Version	2
Reader_Version	2
Separator	Tab
Decimal_Separator	.
Multi_Headings	Yes
X_Columns	One
Time_Pref	Absolute
Operator	labuser
Date	2023/05/24
Time	11:27:12.4440533874997744211
***End_of_Header***	
	
Channels	1	
Samples	610	
Date	2023/05/24	
Time	11:27:12.4440533874997744211	
Y_Unit_Label	Volts	
X_Dimension	Time	
X0	0.0000000000000000E+0	
Delta_X	0.008197	
***End_of_Header***		
X_Value	Voltage	Comment
0.000000	1.529660
0.008197	1.655482
0.016393	1.519148
0.024590	1.663127
0.032787	1.539216
0.040984	1.575848
0.049180	1.459263
0.057377	1.548453
0.065574	1.613754
0.073770	1.519466
0.081967	1.628088
0.090164	1.460855
0.098361	1.529978
0.106557	1.444610
0.114754	1.381540
0.122951	1.377080
0.131147	1.508955
0.139344	1.578077
0.147541	1.535712
0.155738	1.544312
0.163934	1.544312
0.172131	1.414349
0.180328	1.586678
0.188524	1.667905
0.196721	1.654208
0.204918	1.438876
0.213115	1.539534
0.221311	1.602286
0.229508	1.505132
0.237705	1.534119
0.245901	1.449707
0.254098	1.576166
0.262295	1.551320
0.270492	1.602286
0.278688	1.629362
0.286885	1.285341
0.295082	1.505769
0.303278	1.556417
0.311475	1.487294
0.319672	1.386636
0.327869	1.611205
0.336065	1.459900
0.344262	1.465634
0.352459	1.558965
0.360655	1.575211
0.368852	1.328981
0.377049	1.525200
0.385245	1.617895
0.393442	1.541127
0.401639	1.518511
0.409836	1.613435
0.418032	1.517237
0.426229	1.527430
0.434426	1.636370
0.442622	1.684151
0.450819	1.373895
0.459016	1.552594
0.467213	1.277059
0.475409	1.392051
0.483606	1.660897
0.491803	1.623310
0.499999	1.506088
0.508196	1.556098
0.516393	1.507681
0.524590	1.561195
0.532786	1.590819
0.540983	1.502584
0.549180	1.604198
0.557376	1.577440
0.565573	1.614391
0.573770	1.575529
0.581967	1.483790
0.590163	1.608020
0.598360	1.495576
0.606557	1.565017
0.614753	1.581263
0.622950	1.487613
0.631147	1.433143
0.639344	1.556417
0.647540	1.322929
0.655737	1.329936
0.663934	1.553231
0.672130	1.436965
0.680327	1.514051
0.688524	1.658030
0.696721	1.504814
0.704917	1.530297
0.713114	1.432506
0.721311	1.416579
0.729507	1.505451
0.737704	1.614072
0.745901	1.604835
0.754098	1.650704
0.762294	1.390140
0.770491	1.451618
0.778688	1.396192
0.786884	1.588908
0.795081	1.342678
0.803278	1.501310
0.811475	1.609613
0.819671	1.692114
0.827868	1.286297
0.836065	1.460218
0.844261	1.601012
0.852458	1.383769
0.860655	1.426135
0.868852	1.613435
0.877048	1.629362
0.885245	1.463722
0.893442	1.432506
0.901638	1.388229
0.909835	1.603879
0.918032	1.301905
0.926229	1.610887
0.934425	1.629362
0.942622	1.642104
0.950819	1.552594
0.959015	1.479331
0.967212	1.548453
0.975409	1.350641
0.983606	1.612161
0.991802	1.471049
0.999999	1.568203
1.008196	1.566292
1.016392	1.627132
1.024589	1.544312
1.032786	1.596234
1.040982	1.657393
1.049179	1.586997
1.057376	1.522652
1.065573	1.642422
1.073769	1.574892
1.081966	1.639237
1.090163	1.649111
1.098359	1.527748
1.106556	1.394600
1.114753	1.544949
1.122950	1.675550
1.131146	1.588589
1.139343	1.654845
1.147540	1.518192
1.155736	1.429002
1.163933	1.460537
1.172130	1.645289
1.180327	1.521059
1.188523	1.392370
1.196720	1.560239
1.204917	1.630636
1.213113	1.401926
1.221310	1.617895
1.229507	1.399059
1.237704	1.685425
1.245900	1.483472
1.254097	1.391096
1.262294	1.463722
1.270490	1.319425
1.278687	1.521696
1.286884	1.586041
1.295081	1.585722
1.303277	1.607701
1.311474	1.402244
1.319671	1.599738
1.327867	1.534756
1.336064	1.551957
1.344261	1.336626
1.352458	1.604198
1.360654	1.428683
1.368851	1.296171
1.377048	1.544312
1.385244	1.409252
1.393441	1.577440
1.401638	1.503858
1.409835	1.551639
1.418031	1.541446
1.426228	1.424224
1.434425	1.515644
1.442621	1.574255
1.450818	1.473916
1.459015	1.505451
1.467212	1.440469
1.475408	1.536668
1.483605	1.468500
1.491802	1.432506
1.499998	1.611842
1.508195	1.392051
1.516392	1.586359
1.524589	1.616621
1.532785	1.464996
1.540982	1.365294
1.549179	1.675232
1.557375	1.505132
1.565572	1.627132
1.573769	1.517555
1.581966	1.319106
1.590162	1.448432
1.598359	1.665994
1.606556	1.469137
1.614752	1.601968
1.622949	1.572344
1.631146	1.629681
1.639342	1.614391
1.647539	1.567247
1.655736	1.557372
1.663933	1.584767
1.672129	1.656119
1.680326	1.595916
1.688523	1.632547
1.696719	1.553550
1.704916	1.442380
1.713113	1.651660
1.721310	1.655482
1.729506	1.633503
1.737703	1.479649
1.745900	1.402563
1.754096	1.492391
1.762293	1.585722
1.770490	1.517874
1.778687	1.619169
1.786883	1.385680
1.795080	1.634459
1.803277	1.578715
1.811473	1.641148
1.819670	1.581900
1.827867	1.404474
1.836064	1.575848
1.844260	1.523289
1.852457	1.602286
1.860654	1.521696
1.868850	1.512777
1.877047	1.443017
1.885244	1.488568
1.893441	1.390459
1.901637	1.427409
1.909834	1.575848
1.918031	1.450025
1.926227	1.440469
1.934424	1.533801
1.942621	1.692751
1.950818	1.322291
1.959014	1.671728
1.967211	1.557691
1.975408	1.543675
1.983604	1.367842
1.991801	1.492072
1.999998	1.640829
2.008195	1.456396
2.016391	1.540809
2.024588	1.519148
2.032785	1.491117
2.040981	1.614391
2.049178	1.656119
2.057375	1.411482
2.065572	1.407660
2.073768	1.604835
2.081965	1.594004
2.090162	1.467545
2.098358	1.608339
2.106555	1.636370
2.114752	1.588271
2.122949	1.585722
2.131145	1.549728
2.139342	1.621399
2.147539	1.636370
2.155735	1.633822
2.163932	1.544631
2.172129	1.634777
2.180326	1.568840
2.188522	1.543038
2.196719	1.450981
2.204916	1.560239
2.213112	1.565654
2.221309	1.650067
2.229506	1.611842
2.237703	1.559284
2.245899	1.449707
2.254096	1.476464
2.262293	1.459263
2.270489	1.392370
2.278686	1.536349
2.286883	1.682239
2.295079	1.507681
2.303276	1.486976
2.311473	1.591138
2.319670	1.501947
2.327866	1.440150
2.336063	1.521696
2.344260	1.609613
2.352456	1.501310
2.360653	1.663446
2.368850	1.410526
2.377047	1.618532
2.385243	1.388547
2.393440	1.682239
2.401637	1.595279
2.409833	1.341404
2.418030	1.525519
2.426227	1.639874
2.434424	1.374213
2.442620	1.572344
2.450817	1.365931
2.459014	1.594641
2.467210	1.491117
2.475407	1.469137
2.483604	1.575211
2.491801	1.531252
2.499997	1.521059
2.508194	1.588589
2.516391	1.565973
2.524587	1.572344
2.532784	1.565017
2.540981	1.483153
2.549178	1.634777
2.557374	1.520104
2.565571	1.632229
2.573768	1.531571
2.581964	1.587634
2.590161	1.565017
2.598358	1.537942
2.606555	1.640511
2.614751	1.501947
2.622948	1.359242
2.631145	1.523926
2.639341	1.394600
2.647538	1.625540
2.655735	1.615028
2.663932	1.657075
2.672128	1.518511
2.680325	1.592730
2.688522	1.502902
2.696718	1.664401
2.704915	1.511184
2.713112	1.447477
2.721309	1.293304
2.729505	1.576485
2.737702	1.645289
2.745899	1.454485
2.754095	1.547498
2.762292	1.422949
2.770489	1.582537
2.778686	1.549728
2.786882	1.375806
2.795079	1.636688
2.803276	1.472641
2.811472	1.558010
2.819669	1.579033
2.827866	1.622673
2.836063	1.450662
2.844259	1.644652
2.852456	1.584448
2.860653	1.529660
2.868849	1.348093
2.877046	1.563743
2.885243	1.425179
2.893440	1.523926
2.901636	1.499399
2.909833	1.364657
2.918030	1.633503
2.926226	1.452573
2.934423	1.538260
2.942620	1.471367
2.950816	1.579989
2.959013	1.559602
2.967210	1.606109
2.975407	1.601649
2.983603	1.503540
2.991800	1.642104
2.999997	1.550046
3.008193	1.493028
3.016390	1.518511
3.024587	1.660897
3.032784	1.613435
3.040980	1.696255
3.049177	1.639555
3.057374	1.362109
3.065570	1.586041
3.073767	1.593049
3.081964	1.659623
3.090161	1.569158
3.098357	1.543357
3.106554	1.441106
3.114751	1.547179
3.122947	1.598145
3.131144	1.508636
3.139341	1.410845
3.147538	1.647200
3.155734	1.411801
3.163931	1.598782
3.172128	1.616302
3.180324	1.426135
3.188521	1.436647
3.196718	1.421675
3.204915	1.443973
3.213111	1.613117
3.221308	1.393962
3.229505	1.614709
3.237701	1.571707
3.245898	1.406067
3.254095	1.524882
3.262292	1.605472
3.270488	1.612480
3.278685	1.629044
3.286882	1.403200
3.295078	1.637644
3.303275	1.653889
3.311472	1.603879
3.319669	1.629999
3.327865	1.333122
3.336062	1.605790
3.344259	1.338855
3.352455	1.258584
3.360652	1.506088
3.368849	1.533482
3.377046	1.609613
3.385242	1.379310
3.393439	1.586678
3.401636	1.512459
3.409832	1.684469
3.418029	1.606746
3.426226	1.401289
3.434423	1.611842
3.442619	1.646245
3.450816	1.555143
3.459013	1.661853
3.467209	1.494939
3.475406	1.547498
3.483603	1.509273
3.491800	1.621399
3.499996	1.449388
3.508193	1.439195
3.516390	1.557691
3.524586	1.280244
3.532783	1.313372
3.540980	1.451299
3.549177	1.602923
3.557373	1.447477
3.565570	1.342996
3.573767	1.421038
3.581963	1.554824
3.590160	1.603242
3.598357	1.379310
3.606553	1.553869
3.614750	1.605153
3.622947	1.534438
3.631144	1.641467
3.639340	1.577759
3.647537	1.680647
3.655734	1.544631
3.663930	1.350641
3.672127	1.591456
3.680324	1.398103
3.688521	1.611205
3.696717	1.591138
3.704914	1.318788
3.713111	1.498443
3.721307	1.542720
3.729504	1.541127
3.737701	1.536986
3.745898	1.559921
3.754094	1.637644
3.762291	1.497169
3.770488	1.689884
3.778684	1.674594
3.786881	1.442062
3.795078	1.657075
3.803275	1.275466
3.811471	1.438558
3.819668	1.468500
3.827865	1.639237
3.836061	1.660579
3.844258	1.313691
3.852455	1.517237
3.860652	1.564699
3.868848	1.489842
3.877045	1.595916
3.885242	1.647200
3.893438	1.580626
3.901635	1.674913
3.909832	1.629362
3.918029	1.272600
3.926225	1.582856
3.934422	1.671091
3.942619	1.677143
3.950815	1.494939
3.959012	1.520741
3.967209	1.478057
3.975406	1.596553
3.983602	1.519466
3.991799	1.524882
3.999996	1.629362
4.008192	1.586041
4.016389	1.348093
4.024586	1.556735
4.032783	1.679691
4.040979	1.694662
4.049176	1.518829
4.057373	1.644015
4.065569	1.545905
4.073766	1.537942
4.081963	1.539534
4.090160	1.557054
4.098356	1.425179
4.106553	1.628725
4.114750	1.569158
4.122946	1.432824
4.131143	1.565336
4.139340	1.615028
4.147537	1.342041
4.155733	1.611205
4.163930	1.328344
4.172127	1.443336
4.180323	1.477101
4.188520	1.274192
4.196717	1.411801
4.204914	1.431869
4.213110	1.491754
4.221307	1.594323
4.229504	1.493983
4.237700	1.370709
4.245897	1.329618
4.254094	1.620124
4.262290	1.441425
4.270487	1.646563
4.278684	1.438876
4.286881	1.642422
4.295077	1.558010
4.303274	1.443017
4.311471	1.574574
4.319667	1.563106
4.327864	1.607064
4.336061	1.565017
4.344258	1.471049
4.352454	1.587952
4.360651	1.559284
4.368848	1.626495
4.377044	1.532208
4.385241	1.545268
4.393438	1.511184
4.401635	1.507999
4.409831	1.335033
4.418028	1.561195
4.426225	1.560239
4.434421	1.437284
4.442618	1.417853
4.450815	1.548135
4.459012	1.443336
4.467208	1.601649
4.475405	1.617258
4.483602	1.452892
4.491798	1.512777
4.499995	1.437921
4.508192	1.408934
4.516389	1.547498
4.524585	1.365613
4.532782	1.579670
4.540979	1.585085
4.549175	1.573618
4.557372	1.477101
4.565569	1.644333
4.573766	1.559921
4.581962	1.638918
4.590159	1.498761
4.598356	1.666950
4.606552	1.507043
4.614749	1.482198
4.622946	1.645926
4.631143	1.647837
4.639339	1.610568
4.647536	1.609294
4.655733	1.427728
4.663929	1.598145
4.672126	1.535075
4.680323	1.670772
4.688520	1.606427
4.696716	1.612798
4.704913	1.535712
4.713110	1.525519
4.721306	1.590819
4.729503	1.677780
4.737700	1.507043
4.745897	1.629681
4.754093	1.609931
4.762290	1.680965
4.770487	1.577440
4.778683	1.592730
4.786880	1.444610
4.795077	1.417216
4.803274	1.626177
4.811470	1.420083
4.819667	1.493346
4.827864	1.539853
4.836060	1.532527
4.844257	1.549409
4.852454	1.308276
4.860651	1.554824
4.868847	1.530615
4.877044	1.526793
4.885241	1.607383
4.893437	1.594004
4.901634	1.572662
4.909831	1.435054
4.918027	1.620762
4.926224	1.436328
4.934421	1.517555
4.942618	1.630636
4.950814	1.520741
4.959011	1.625221
4.967208	1.528067
4.975404	1.486976
4.983601	1.604835
4.991798	1.605153

