LabVIEW Measurement	
Writer_Version	2
Reader_Version	2
Separator	Tab
Decimal_Separator	.
Multi_Headings	Yes
X_Columns	One
Time_Pref	Absolute
Operator	labuser
Date	2023/05/24
Time	11:25:55.503855387499743456
***End_of_Header***	
	
Channels	1	
Samples	610	
Date	2023/05/24	
Time	11:25:55.503855387499743456	
Y_Unit_Label	Volts	
X_Dimension	Time	
X0	0.0000000000000000E+0	
Delta_X	0.008197	
***End_of_Header***		
X_Value	Voltage	Comment
0.000000	1.461174
0.008197	1.401607
0.016393	1.501628
0.024590	1.520422
0.032787	1.516600
0.040984	1.506406
0.049180	1.428683
0.057377	1.273555
0.065574	1.276103
0.073770	1.624584
0.081967	1.523926
0.090164	1.431231
0.098361	1.565654
0.106557	1.375169
0.114754	1.470412
0.122951	1.351915
0.131147	1.449707
0.139344	1.511184
0.147541	1.477101
0.155738	1.537623
0.163934	1.590819
0.172131	1.440788
0.180328	1.548772
0.188524	1.593367
0.196721	1.490480
0.204918	1.428683
0.213115	1.413075
0.221311	1.483790
0.229508	1.437602
0.237705	1.478057
0.245901	1.374850
0.254098	1.463722
0.262295	1.475827
0.270492	1.491435
0.278688	1.432824
0.286885	1.515644
0.295082	1.403519
0.303278	1.388866
0.311475	1.461174
0.319672	1.522970
0.327869	1.400333
0.336065	1.575848
0.344262	1.429320
0.352459	1.436328
0.360655	1.521059
0.368852	1.297445
0.377049	1.381858
0.385245	1.404474
0.393442	1.429957
0.401639	1.517237
0.409836	1.477738
0.418032	1.463722
0.426229	1.382814
0.434426	1.335033
0.442622	1.526474
0.450819	1.528386
0.459016	1.525200
0.467213	1.348412
0.475409	1.484746
0.483606	1.571388
0.491803	1.561195
0.499999	1.381858
0.508196	1.574892
0.516393	1.449707
0.524590	1.581900
0.532786	1.450025
0.540983	1.410526
0.549180	1.521378
0.557376	1.484109
0.565573	1.442699
0.573770	1.476464
0.581967	1.434735
0.590163	1.315921
0.598360	1.473597
0.606557	1.487613
0.614753	1.413393
0.622950	1.463085
0.631147	1.466908
0.639344	1.305727
0.647540	1.502902
0.655737	1.506088
0.663934	1.384406
0.672130	1.452573
0.680327	1.580307
0.688524	1.329936
0.696721	1.405748
0.704917	1.448432
0.713114	1.386636
0.721311	1.323884
0.729507	1.544631
0.737704	1.488568
0.745901	1.402563
0.754098	1.435054
0.762294	1.495576
0.770491	1.348412
0.778688	1.454166
0.786884	1.430276
0.795081	1.429957
0.803278	1.555461
0.811475	1.564699
0.819671	1.388547
0.827868	1.363383
0.836065	1.576485
0.844261	1.452255
0.852458	1.529341
0.860655	1.484746
0.868852	1.269414
0.877048	1.469775
0.885245	1.399378
0.893442	1.444291
0.901638	1.540809
0.909835	1.481560
0.918032	1.487294
0.926229	1.568521
0.934425	1.399696
0.942622	1.484427
0.950819	1.434735
0.959015	1.383451
0.967212	1.395555
0.975409	1.486657
0.983606	1.332485
0.991802	1.441106
0.999999	1.332485
1.008196	1.562469
1.016392	1.359242
1.024589	1.535712
1.032786	1.626177
1.040982	1.376124
1.049179	1.459263
1.057376	1.404793
1.065573	1.305727
1.073769	1.425816
1.081966	1.544312
1.090163	1.362746
1.098359	1.529660
1.106556	1.437284
1.114753	1.503221
1.122950	1.398422
1.131146	1.534438
1.139343	1.443336
1.147540	1.354782
1.155736	1.342041
1.163933	1.289163
1.172130	1.431231
1.180327	1.600694
1.188523	1.530934
1.196720	1.297445
1.204917	1.373576
1.213113	1.420720
1.221310	1.574574
1.229507	1.361153
1.237704	1.375487
1.245900	1.323884
1.254097	1.577440
1.262294	1.434735
1.270490	1.430913
1.278687	1.547816
1.286884	1.383769
1.295081	1.375806
1.303277	1.400970
1.311474	1.493665
1.319671	1.360835
1.327867	1.375169
1.336064	1.407660
1.344261	1.284385
1.352458	1.457352
1.360654	1.509910
1.368851	1.465634
1.377048	1.618850
1.385244	1.358605
1.393441	1.445884
1.401638	1.482516
1.409835	1.333122
1.418031	1.375806
1.426228	1.380902
1.434425	1.374532
1.442621	1.253169
1.450818	1.545905
1.459015	1.581900
1.467212	1.442699
1.475408	1.604198
1.483605	1.587315
1.491802	1.547816
1.499998	1.420720
1.508195	1.551639
1.516392	1.527430
1.524589	1.395555
1.532785	1.589863
1.540982	1.412756
1.549179	1.441106
1.557375	1.542083
1.565572	1.486020
1.573769	1.488887
1.581966	1.305090
1.590162	1.540809
1.598359	1.409889
1.606556	1.410208
1.614752	1.559602
1.622949	1.589226
1.631146	1.593686
1.639342	1.372302
1.647539	1.412756
1.655736	1.540171
1.663933	1.334714
1.672129	1.415942
1.680326	1.466908
1.688523	1.436965
1.696719	1.336944
1.704916	1.436647
1.713113	1.593049
1.721310	1.462767
1.729506	1.498124
1.737703	1.429002
1.745900	1.427409
1.754096	1.493665
1.762293	1.330255
1.770490	1.450981
1.778687	1.544631
1.786883	1.587315
1.795080	1.471049
1.803277	1.437921
1.811473	1.529341
1.819670	1.486976
1.827867	1.353508
1.836064	1.309231
1.844260	1.515325
1.852457	1.516600
1.860654	1.392688
1.868850	1.366887
1.877047	1.547498
1.885244	1.519785
1.893441	1.561195
1.901637	1.368479
1.909834	1.350641
1.918031	1.426772
1.926227	1.422631
1.934424	1.541127
1.942621	1.517237
1.950818	1.440150
1.959014	1.397148
1.967211	1.482516
1.975408	1.347774
1.983604	1.319743
1.991801	1.384406
1.999998	1.422631
2.008195	1.469775
2.016391	1.435372
2.024588	1.413712
2.032785	1.508636
2.040981	1.464359
2.049178	1.507681
2.057375	1.352234
2.065572	1.451936
2.073768	1.435372
2.081965	1.368161
2.090162	1.621399
2.098358	1.544312
2.106555	1.353827
2.114752	1.354782
2.122949	1.577440
2.131145	1.284704
2.139342	1.471367
2.147539	1.460537
2.155735	1.351278
2.163932	1.527430
2.172129	1.532527
2.180326	1.436010
2.188522	1.430276
2.196719	1.518192
2.204916	1.466271
2.213112	1.536030
2.221309	1.460855
2.229506	1.447477
2.237703	1.535712
2.245899	1.483153
2.254096	1.552276
2.262293	1.590182
2.270489	1.428365
2.278686	1.638918
2.286883	1.286934
2.295079	1.369117
2.303276	1.514370
2.311473	1.393962
2.319670	1.448751
2.327866	1.400015
2.336063	1.493665
2.344260	1.469137
2.352456	1.447795
2.360653	1.443973
2.368850	1.365931
2.377047	1.371983
2.385243	1.465634
2.393440	1.500991
2.401637	1.525200
2.409833	1.371665
2.418030	1.369754
2.426227	1.489524
2.434424	1.263680
2.442620	1.450981
2.450817	1.494939
2.459014	1.451299
2.467210	1.420401
2.475407	1.540809
2.483604	1.530934
2.491801	1.408934
2.499997	1.541446
2.508194	1.452892
2.516391	1.335989
2.524587	1.571388
2.532784	1.520741
2.540981	1.395555
2.549178	1.507043
2.557374	1.395555
2.565571	1.443017
2.573768	1.533482
2.581964	1.531571
2.590161	1.522970
2.598358	1.396192
2.606555	1.386318
2.614751	1.535712
2.622948	1.529660
2.631145	1.336944
2.639341	1.451299
2.647538	1.415305
2.655735	1.519785
2.663932	1.442699
2.672128	1.565017
2.680325	1.390459
2.688522	1.449070
2.696718	1.436965
2.704915	1.572025
2.713112	1.496213
2.721309	1.282793
2.729505	1.486339
2.737702	1.629999
2.745899	1.547816
2.754095	1.436010
2.762292	1.407660
2.770489	1.472323
2.778686	1.414349
2.786882	1.597827
2.795079	1.512777
2.803276	1.336626
2.811472	1.278015
2.819669	1.501628
2.827866	1.536349
2.836063	1.499717
2.844259	1.465315
2.852456	1.402563
2.860653	1.426135
2.868849	1.591775
2.877046	1.482198
2.885243	1.566929
2.893440	1.453211
2.901636	1.415623
2.909833	1.451936
2.918030	1.459263
2.926226	1.462767
2.934423	1.497487
2.942620	1.516918
2.950816	1.425816
2.959013	1.470093
2.967210	1.405748
2.975407	1.388229
2.983603	1.612798
2.991800	1.508955
2.999997	1.374532
3.008193	1.360197
3.016390	1.346182
3.024587	1.543357
3.032784	1.535712
3.040980	1.443973
3.049177	1.482198
3.057374	1.329936
3.065570	1.522970
3.073767	1.514051
3.081964	1.445884
3.090161	1.484746
3.098357	1.435054
3.106554	1.434098
3.114751	1.525519
3.122947	1.499080
3.131144	1.438876
3.139341	1.469456
3.147538	1.407978
3.155734	1.343315
3.163931	1.566610
3.172128	1.567566
3.180324	1.449388
3.188521	1.440469
3.196718	1.543675
3.204915	1.492072
3.213111	1.521696
3.221308	1.506406
3.229505	1.493983
3.237701	1.577440
3.245898	1.345863
3.254095	1.411164
3.262292	1.464996
3.270488	1.403200
3.278685	1.203158
3.286882	1.578396
3.295078	1.280244
3.303275	1.521059
3.311472	1.471686
3.319669	1.503221
3.327865	1.412119
3.336062	1.507681
3.344259	1.619487
3.352455	1.395555
3.360652	1.417534
3.368849	1.426135
3.377046	1.584130
3.385242	1.630636
3.393439	1.477101
3.401636	1.460537
3.409832	1.499717
3.418029	1.392370
3.426226	1.590819
3.434423	1.453848
3.442619	1.606427
3.450816	1.394918
3.459013	1.503858
3.467209	1.461174
3.475406	1.551957
3.483603	1.391096
3.491800	1.366250
3.499996	1.441743
3.508193	1.479331
3.516390	1.596553
3.524586	1.570433
3.532783	1.373576
3.540980	1.400015
3.549177	1.399696
3.557373	1.530934
3.565570	1.426135
3.573767	1.440469
3.581963	1.521059
3.590160	1.413075
3.598357	1.324521
3.606553	1.437284
3.614750	1.208573
3.622947	1.428365
3.631144	1.588908
3.639340	1.352234
3.647537	1.361472
3.655734	1.436010
3.663930	1.451936
3.672127	1.382177
3.680324	1.533801
3.688521	1.399378
3.696717	1.480605
3.704914	1.261132
3.713111	1.615983
3.721307	1.265273
3.729504	1.379628
3.737701	1.385043
3.745898	1.479331
3.754094	1.507043
3.762291	1.236923
3.770488	1.375487
3.778684	1.464996
3.786881	1.464041
3.795078	1.519148
3.803275	1.470093
3.811471	1.383132
3.819668	1.471686
3.827865	1.416260
3.836061	1.499080
3.844258	1.465634
3.852455	1.398103
3.860652	1.599419
3.868848	1.304453
3.877045	1.414986
3.885242	1.573936
3.893438	1.393644
3.901635	1.445247
3.909832	1.375487
3.918029	1.390140
3.926225	1.551957
3.934422	1.312417
3.942619	1.442062
3.950815	1.548772
3.959012	1.562151
3.967209	1.508955
3.975406	1.557691
3.983602	1.571388
3.991799	1.381221
3.999996	1.498443
4.008192	1.478057
4.016389	1.356056
4.024586	1.518829
4.032783	1.399059
4.040979	1.399696
4.049176	1.470412
4.057373	1.510547
4.065569	1.453848
4.073766	1.480923
4.081963	1.507043
4.090160	1.511503
4.098356	1.310824
4.106553	1.306683
4.114750	1.338537
4.122946	1.467545
4.131143	1.480286
4.139340	1.411801
4.147537	1.449388
4.155733	1.518192
4.163930	1.568840
4.172127	1.533164
4.180323	1.585722
4.188520	1.619487
4.196717	1.306046
4.204914	1.594323
4.213110	1.510547
4.221307	1.497169
4.229504	1.491117
4.237700	1.429639
4.245897	1.384725
4.254094	1.457670
4.262290	1.411164
4.270487	1.361790
4.278684	1.244250
4.286881	1.415942
4.295077	1.505451
4.303274	1.635733
4.311471	1.478694
4.319667	1.346500
4.327864	1.472323
4.336061	1.547816
4.344258	1.521378
4.352454	1.568521
4.360651	1.427090
4.368848	1.501310
4.377044	1.557054
4.385241	1.484746
4.393438	1.384406
4.401635	1.505132
4.409831	1.381221
4.418028	1.447477
4.426225	1.345545
4.434421	1.509592
4.442618	1.513733
4.450815	1.540809
4.459012	1.472960
4.467208	1.241383
4.475405	1.470730
4.483602	1.330892
4.491798	1.435054
4.499995	1.541127
4.508192	1.415305
4.516389	1.450025
4.524585	1.610250
4.532782	1.618532
4.540979	1.420401
4.549175	1.455440
4.557372	1.404793
4.565569	1.516600
4.573766	1.652615
4.581962	1.528067
4.590159	1.364338
4.598356	1.482516
4.606552	1.449707
4.614749	1.524245
4.622946	1.450025
4.631143	1.450344
4.639339	1.504177
4.647536	1.424861
4.655733	1.562151
4.663929	1.463722
4.672126	1.586678
4.680323	1.296490
4.688520	1.508955
4.696716	1.359242
4.704913	1.469775
4.713110	1.431550
4.721306	1.471049
4.729503	1.359242
4.737700	1.378036
4.745897	1.535075
4.754093	1.357331
4.762290	1.474234
4.770487	1.384406
4.778683	1.314647
4.786880	1.457352
4.795077	1.516600
4.803274	1.397466
4.811470	1.374850
4.819667	1.414349
4.827864	1.444291
4.836060	1.492072
4.844257	1.553550
4.852454	1.286615
4.860651	1.335033
4.868847	1.364020
4.877044	1.563106
4.885241	1.361153
4.893437	1.429957
4.901634	1.303498
4.909831	1.376761
4.918027	1.412756
4.926224	1.376761
4.934421	1.320699
4.942618	1.450662
4.950814	1.488250
4.959011	1.318150
4.967208	1.424861
4.975404	1.346500
4.983601	1.459900
4.991798	1.449388

