LabVIEW Measurement	
Writer_Version	2
Reader_Version	2
Separator	Tab
Decimal_Separator	.
Multi_Headings	Yes
X_Columns	One
Time_Pref	Absolute
Operator	labuser
Date	2023/05/24
Time	11:26:42.508214187499741199
***End_of_Header***	
	
Channels	1	
Samples	610	
Date	2023/05/24	
Time	11:26:42.508214187499741199	
Y_Unit_Label	Volts	
X_Dimension	Time	
X0	0.0000000000000000E+0	
Delta_X	0.008197	
***End_of_Header***		
X_Value	Voltage	Comment
0.000000	1.413393
0.008197	1.502265
0.016393	1.498443
0.024590	1.502265
0.032787	1.463722
0.040984	1.589226
0.049180	1.302542
0.057377	1.563743
0.065574	1.368798
0.073770	1.296490
0.081967	1.603560
0.090164	1.539534
0.098361	1.345863
0.106557	1.517555
0.114754	1.371346
0.122951	1.559284
0.131147	1.437602
0.139344	1.540490
0.147541	1.512777
0.155738	1.630636
0.163934	1.563106
0.172131	1.421357
0.180328	1.512777
0.188524	1.554187
0.196721	1.356375
0.204918	1.544631
0.213115	1.467226
0.221311	1.610250
0.229508	1.307002
0.237705	1.533164
0.245901	1.575848
0.254098	1.493028
0.262295	1.635733
0.270492	1.372302
0.278688	1.600694
0.286885	1.535075
0.295082	1.566292
0.303278	1.645289
0.311475	1.289163
0.319672	1.388547
0.327869	1.484109
0.336065	1.524563
0.344262	1.606109
0.352459	1.290756
0.360655	1.492709
0.368852	1.554187
0.377049	1.629681
0.385245	1.465952
0.393442	1.289801
0.401639	1.511184
0.409836	1.493346
0.418032	1.413393
0.426229	1.521378
0.434426	1.516918
0.442622	1.611524
0.450819	1.436328
0.459016	1.568203
0.467213	1.217811
0.475409	1.361790
0.483606	1.446203
0.491803	1.304772
0.499999	1.526156
0.508196	1.498124
0.516393	1.339492
0.524590	1.435372
0.532786	1.629999
0.540983	1.480923
0.549180	1.381540
0.557376	1.443017
0.565573	1.323247
0.573770	1.351597
0.581967	1.469137
0.590163	1.610568
0.598360	1.384088
0.606557	1.707404
0.614753	1.404793
0.622950	1.371346
0.631147	1.390459
0.639344	1.503221
0.647540	1.653889
0.655737	1.320699
0.663934	1.334077
0.672130	1.625858
0.680327	1.408615
0.688524	1.505132
0.696721	1.531889
0.704917	1.386955
0.713114	1.324203
0.721311	1.442380
0.729507	1.407660
0.737704	1.539534
0.745901	1.579989
0.754098	1.293942
0.762294	1.570751
0.770491	1.651341
0.778688	1.579989
0.786884	1.639237
0.795081	1.523926
0.803278	1.515007
0.811475	1.562151
0.819671	1.574574
0.827868	1.569158
0.836065	1.495576
0.844261	1.557691
0.852458	1.312735
0.860655	1.538260
0.868852	1.289482
0.877048	1.543038
0.885245	1.378354
0.893442	1.449707
0.901638	1.321973
0.909835	1.615346
0.918032	1.331529
0.926229	1.348412
0.934425	1.428683
0.942622	1.437602
0.950819	1.507999
0.959015	1.408615
0.967212	1.340130
0.975409	1.603560
0.983606	1.426772
0.991802	1.550365
0.999999	1.499717
1.008196	1.359560
1.016392	1.513733
1.024589	1.542720
1.032786	1.544312
1.040982	1.437602
1.049179	1.547816
1.057376	1.530934
1.065573	1.358286
1.073769	1.555143
1.081966	1.433780
1.090163	1.401926
1.098359	1.368161
1.106556	1.401607
1.114753	1.594960
1.122950	1.415305
1.131146	1.671409
1.139343	1.500354
1.147540	1.627451
1.155736	1.425179
1.163933	1.611524
1.172130	1.405748
1.180327	1.480923
1.188523	1.540490
1.196720	1.490161
1.204917	1.297445
1.213113	1.479968
1.221310	1.513096
1.229507	1.653252
1.237704	1.500354
1.245900	1.626814
1.254097	1.565017
1.262294	1.303179
1.270490	1.343633
1.278687	1.664720
1.286884	1.432506
1.295081	1.520422
1.303277	1.567247
1.311474	1.499399
1.319671	1.365613
1.327867	1.481242
1.336064	1.665357
1.344261	1.359879
1.352458	1.463722
1.360654	1.497806
1.368851	1.414986
1.377048	1.531889
1.385244	1.287889
1.393441	1.559602
1.401638	1.617576
1.409835	1.409889
1.418031	1.414349
1.426228	1.613754
1.434425	1.337900
1.442621	1.418808
1.450818	1.510866
1.459015	1.338218
1.467212	1.424224
1.475408	1.615346
1.483605	1.496850
1.491802	1.355419
1.499998	1.486976
1.508195	1.446521
1.516392	1.401926
1.524589	1.315602
1.532785	1.416579
1.540982	1.430913
1.549179	1.491435
1.557375	1.534438
1.565572	1.595279
1.573769	1.294260
1.581966	1.513096
1.590162	1.509910
1.598359	1.438876
1.606556	1.511822
1.614752	1.511503
1.622949	1.329618
1.631146	1.323566
1.639342	1.474553
1.647539	1.499399
1.655736	1.310506
1.663933	1.479012
1.672129	1.575848
1.680326	1.399696
1.688523	1.638600
1.696719	1.353190
1.704916	1.389821
1.713113	1.540171
1.721310	1.383451
1.729506	1.421994
1.737703	1.450025
1.745900	1.582218
1.754096	1.467545
1.762293	1.680647
1.770490	1.557691
1.778687	1.628725
1.786883	1.317513
1.795080	1.653889
1.803277	1.323884
1.811473	1.396829
1.819670	1.325477
1.827867	1.482835
1.836064	1.402563
1.844260	1.505132
1.852457	1.560876
1.860654	1.417216
1.868850	1.519148
1.877047	1.651660
1.885244	1.325477
1.893441	1.342359
1.901637	1.473278
1.909834	1.346182
1.918031	1.384088
1.926227	1.572662
1.934424	1.290119
1.942621	1.387273
1.950818	1.348730
1.959014	1.447477
1.967211	1.628406
1.975408	1.374213
1.983604	1.349049
1.991801	1.478694
1.999998	1.596234
2.008195	1.598464
2.016391	1.380584
2.024588	1.413075
2.032785	1.557372
2.040981	1.428046
2.049178	1.389184
2.057375	1.316876
2.065572	1.444610
2.073768	1.480923
2.081965	1.321336
2.090162	1.492072
2.098358	1.450344
2.106555	1.401289
2.114752	1.466589
2.122949	1.597190
2.131145	1.436328
2.139342	1.430913
2.147539	1.300312
2.155735	1.588589
2.163932	1.358286
2.172129	1.440788
2.180326	1.473597
2.188522	1.644652
2.196719	1.412756
2.204916	1.572981
2.213112	1.392688
2.221309	1.617576
2.229506	1.405430
2.237703	1.629362
2.245899	1.573936
2.254096	1.501310
2.262293	1.470093
2.270489	1.492072
2.278686	1.517237
2.286883	1.476145
2.295079	1.289482
2.303276	1.424542
2.311473	1.330573
2.319670	1.348412
2.327866	1.350641
2.336063	1.331848
2.344260	1.359242
2.352456	1.545268
2.360653	1.552594
2.368850	1.430913
2.377047	1.535712
2.385243	1.304453
2.393440	1.508318
2.401637	1.447795
2.409833	1.620762
2.418030	1.325477
2.426227	1.541764
2.434424	1.565017
2.442620	1.364020
2.450817	1.407023
2.459014	1.607064
2.467210	1.437921
2.475407	1.488887
2.483604	1.504495
2.491801	1.417853
2.499997	1.557054
2.508194	1.566610
2.516391	1.582537
2.524587	1.440469
2.532784	1.613117
2.540981	1.269096
2.549178	1.530297
2.557374	1.586678
2.565571	1.367842
2.573768	1.536986
2.581964	1.267184
2.590161	1.563425
2.598358	1.433780
2.606555	1.521378
2.614751	1.454166
2.622948	1.468819
2.631145	1.417853
2.639341	1.494939
2.647538	1.385999
2.655735	1.356694
2.663932	1.447158
2.672128	1.484109
2.680325	1.369435
2.688522	1.335989
2.696718	1.632547
2.704915	1.531571
2.713112	1.638281
2.721309	1.581581
2.729505	1.284067
2.737702	1.389503
2.745899	1.544949
2.754095	1.527430
2.762292	1.400652
2.770489	1.280244
2.778686	1.347774
2.786882	1.515007
2.795079	1.514370
2.803276	1.631592
2.811472	1.565336
2.819669	1.580944
2.827866	1.598464
2.836063	1.502265
2.844259	1.352234
2.852456	1.561832
2.860653	1.530934
2.868849	1.427409
2.877046	1.529023
2.885243	1.388866
2.893440	1.495576
2.901636	1.543675
2.909833	1.478694
2.918030	1.556735
2.926226	1.536349
2.934423	1.512459
2.942620	1.479649
2.950816	1.639555
2.959013	1.440150
2.967210	1.444291
2.975407	1.330573
2.983603	1.581263
2.991800	1.359879
2.999997	1.550365
3.008193	1.607064
3.016390	1.367842
3.024587	1.597827
3.032784	1.377717
3.040980	1.523926
3.049177	1.437921
3.057374	1.507681
3.065570	1.503221
3.073767	1.574892
3.081964	1.556417
3.090161	1.530615
3.098357	1.500991
3.106554	1.412119
3.114751	1.594004
3.122947	1.482198
3.131144	1.545268
3.139341	1.407341
3.147538	1.319425
3.155734	1.518829
3.163931	1.551320
3.172128	1.584448
3.180324	1.491754
3.188521	1.565973
3.196718	1.517555
3.204915	1.672365
3.213111	1.496850
3.221308	1.535393
3.229505	1.445566
3.237701	1.566929
3.245898	1.613754
3.254095	1.381540
3.262292	1.542083
3.270488	1.647519
3.278685	1.598145
3.286882	1.491117
3.295078	1.400652
3.303275	1.423268
3.311472	1.520104
3.319669	1.489205
3.327865	1.584448
3.336062	1.477101
3.344259	1.551957
3.352455	1.587634
3.360652	1.476145
3.368849	1.569158
3.377046	1.422631
3.385242	1.605472
3.393439	1.492709
3.401636	1.577759
3.409832	1.343952
3.418029	1.642422
3.426226	1.395874
3.434423	1.492709
3.442619	1.436010
3.450816	1.561513
3.459013	1.267503
3.467209	1.411801
3.475406	1.517237
3.483603	1.658668
3.491800	1.391414
3.499996	1.355419
3.508193	1.556735
3.516390	1.527111
3.524586	1.519785
3.532783	1.622036
3.540980	1.463404
3.549177	1.527748
3.557373	1.453211
3.565570	1.537623
3.573767	1.678735
3.581963	1.367842
3.590160	1.417216
3.598357	1.538579
3.606553	1.542401
3.614750	1.652297
3.622947	1.446840
3.631144	1.491117
3.639340	1.395555
3.647537	1.548772
3.655734	1.387910
3.663930	1.402244
3.672127	1.475508
3.680324	1.477101
3.688521	1.631273
3.696717	1.399059
3.704914	1.598145
3.713111	1.657712
3.721307	1.559921
3.729504	1.613754
3.737701	1.574255
3.745898	1.513096
3.754094	1.409889
3.762291	1.320380
3.770488	1.443017
3.778684	1.510866
3.786881	1.542083
3.795078	1.352234
3.803275	1.553231
3.811471	1.589863
3.819668	1.504177
3.827865	1.468500
3.836061	1.286934
3.844258	1.442699
3.852455	1.481879
3.860652	1.568840
3.868848	1.281200
3.877045	1.417853
3.885242	1.540171
3.893438	1.493665
3.901635	1.481242
3.909832	1.345226
3.918029	1.615665
3.926225	1.558010
3.934422	1.350004
3.942619	1.524245
3.950815	1.480286
3.959012	1.625540
3.967209	1.494302
3.975406	1.377399
3.983602	1.407978
3.991799	1.605153
3.999996	1.391414
4.008192	1.488887
4.016389	1.618850
4.024586	1.529978
4.032783	1.621399
4.040979	1.620762
4.049176	1.490480
4.057373	1.511503
4.065569	1.414667
4.073766	1.467226
4.081963	1.554506
4.090160	1.435054
4.098356	1.533801
4.106553	1.392370
4.114750	1.588908
4.122946	1.418490
4.131143	1.318469
4.139340	1.576166
4.147537	1.354464
4.155733	1.367842
4.163930	1.599738
4.172127	1.438558
4.180323	1.401926
4.188520	1.428683
4.196717	1.593367
4.204914	1.513733
4.213110	1.436647
4.221307	1.519785
4.229504	1.512140
4.237700	1.540490
4.245897	1.512777
4.254094	1.503858
4.262290	1.479968
4.270487	1.585085
4.278684	1.515644
4.286881	1.333440
4.295077	1.455122
4.303274	1.342996
4.311471	1.521696
4.319667	1.610887
4.327864	1.465315
4.336061	1.369117
4.344258	1.418490
4.352454	1.587634
4.360651	1.462130
4.368848	1.318788
4.377044	1.421675
4.385241	1.517237
4.393438	1.549409
4.401635	1.558647
4.409831	1.542083
4.418028	1.373258
4.426225	1.263362
4.434421	1.571707
4.442618	1.401289
4.450815	1.657393
4.459012	1.538579
4.467208	1.495258
4.475405	1.623628
4.483602	1.529023
4.491798	1.563425
4.499995	1.457352
4.508192	1.404156
4.516389	1.537942
4.524585	1.494302
4.532782	1.500354
4.540979	1.357968
4.549175	1.381221
4.557372	1.548772
4.565569	1.488887
4.573766	1.601649
4.581962	1.471049
4.590159	1.568840
4.598356	1.451936
4.606552	1.448751
4.614749	1.511184
4.622946	1.457670
4.631143	1.410845
4.639339	1.507999
4.647536	1.481560
4.655733	1.396192
4.663929	1.360835
4.672126	1.397148
4.680323	1.545587
4.688520	1.520104
4.696716	1.495576
4.704913	1.595597
4.713110	1.425179
4.721306	1.447795
4.729503	1.437602
4.737700	1.568840
4.745897	1.465315
4.754093	1.449707
4.762290	1.446521
4.770487	1.554824
4.778683	1.637007
4.786880	1.334396
4.795077	1.414986
4.803274	1.409571
4.811470	1.579989
4.819667	1.422631
4.827864	1.271962
4.836060	1.471049
4.844257	1.570114
4.852454	1.516918
4.860651	1.393644
4.868847	1.354145
4.877044	1.461811
4.885241	1.552594
4.893437	1.443336
4.901634	1.350323
4.909831	1.475190
4.918027	1.503540
4.926224	1.580307
4.934421	1.469775
4.942618	1.520741
4.950814	1.480605
4.959011	1.406704
4.967208	1.470412
4.975404	1.475508
4.983601	1.545905
4.991798	1.443654

