LabVIEW Measurement	
Writer_Version	2
Reader_Version	2
Separator	Tab
Decimal_Separator	.
Multi_Headings	Yes
X_Columns	One
Time_Pref	Absolute
Operator	labuser
Date	2023/05/24
Time	11:06:59.1384324874999326698
***End_of_Header***	
	
Channels	1	
Samples	610	
Date	2023/05/24	
Time	11:06:59.1384324874999326698	
Y_Unit_Label	Volts	
X_Dimension	Time	
X0	0.0000000000000000E+0	
Delta_X	0.008197	
***End_of_Header***		
X_Value	Voltage	Comment
0.000000	1.618532
0.008197	1.642422
0.016393	1.626495
0.024590	1.670135
0.032787	1.600057
0.040984	1.648474
0.049180	1.587315
0.057377	1.646245
0.065574	1.589545
0.073770	1.635414
0.081967	1.613754
0.090164	1.631273
0.098361	1.629999
0.106557	1.562469
0.114754	1.675232
0.122951	1.591456
0.131147	1.653889
0.139344	1.558010
0.147541	1.651023
0.155738	1.580944
0.163934	1.638281
0.172131	1.626495
0.180328	1.637007
0.188524	1.644015
0.196721	1.623628
0.204918	1.665357
0.213115	1.546861
0.221311	1.648474
0.229508	1.585085
0.237705	1.643059
0.245901	1.610887
0.254098	1.633185
0.262295	1.615346
0.270492	1.623310
0.278688	1.595916
0.286885	1.559284
0.295082	1.667587
0.303278	1.602605
0.311475	1.650067
0.319672	1.598782
0.327869	1.639874
0.336065	1.626814
0.344262	1.633185
0.352459	1.635096
0.360655	1.597827
0.368852	1.632547
0.377049	1.630955
0.385245	1.665675
0.393442	1.561832
0.401639	1.650704
0.409836	1.643378
0.418032	1.638918
0.426229	1.583174
0.434426	1.594004
0.442622	1.642741
0.450819	1.597508
0.459016	1.633822
0.467213	1.493665
0.475409	1.637326
0.483606	1.619487
0.491803	1.657075
0.499999	1.594004
0.508196	1.650704
0.516393	1.613117
0.524590	1.632547
0.532786	1.633185
0.540983	1.630318
0.549180	1.633503
0.557376	1.570751
0.565573	1.668542
0.573770	1.615028
0.581967	1.652297
0.590163	1.587634
0.598360	1.641785
0.606557	1.604516
0.614753	1.627769
0.622950	1.617258
0.631147	1.629362
0.639344	1.659305
0.647540	1.603879
0.655737	1.658986
0.663934	1.591138
0.672130	1.649749
0.680327	1.570433
0.688524	1.642104
0.696721	1.592093
0.704917	1.639874
0.713114	1.600694
0.721311	1.631273
0.729507	1.613117
0.737704	1.624584
0.745901	1.643378
0.754098	1.554824
0.762294	1.658986
0.770491	1.529660
0.778688	1.649111
0.786884	1.570751
0.795081	1.645289
0.803278	1.619487
0.811475	1.637963
0.819671	1.637644
0.827868	1.634140
0.836065	1.612480
0.844261	1.566292
0.852458	1.673639
0.860655	1.614072
0.868852	1.661853
0.877048	1.543038
0.885245	1.647519
0.893442	1.577440
0.901638	1.637326
0.909835	1.619169
0.918032	1.633822
0.926229	1.644970
0.934425	1.609613
0.942622	1.691477
0.950819	1.577440
0.959015	1.635096
0.967212	1.566610
0.975409	1.648793
0.983606	1.606109
0.991802	1.637644
0.999999	1.609613
1.008196	1.639555
1.016392	1.641467
1.024589	1.633503
1.032786	1.645289
1.040982	1.496850
1.049179	1.655801
1.057376	1.612798
1.065573	1.641467
1.073769	1.574255
1.081966	1.637963
1.090163	1.590500
1.098359	1.628725
1.106556	1.632866
1.114753	1.600057
1.122950	1.638918
1.131146	1.633185
1.139343	1.641785
1.147540	1.611842
1.155736	1.650067
1.163933	1.566929
1.172130	1.643696
1.180327	1.574255
1.188523	1.637963
1.196720	1.629044
1.204917	1.633185
1.213113	1.652615
1.221310	1.558965
1.229507	1.672046
1.237704	1.596234
1.245900	1.649111
1.254097	1.628725
1.262294	1.650386
1.270490	1.588271
1.278687	1.635733
1.286884	1.623310
1.295081	1.615346
1.303277	1.650386
1.311474	1.627769
1.319671	1.656756
1.327867	1.579352
1.336064	1.663127
1.344261	1.602605
1.352458	1.646563
1.360654	1.574574
1.368851	1.642422
1.377048	1.608976
1.385244	1.633822
1.393441	1.622354
1.401638	1.626177
1.409835	1.643059
1.418031	1.626177
1.426228	1.648156
1.434425	1.631592
1.442621	1.637326
1.450818	1.575529
1.459015	1.648474
1.467212	1.547179
1.475408	1.632547
1.483605	1.597508
1.491802	1.634140
1.499998	1.628725
1.508195	1.622354
1.516392	1.615983
1.524589	1.621717
1.532785	1.659305
1.540982	1.638281
1.549179	1.649111
1.557375	1.551639
1.565572	1.642104
1.573769	1.589226
1.581966	1.632866
1.590162	1.616621
1.598359	1.633185
1.606556	1.655482
1.614752	1.637007
1.622949	1.655482
1.631146	1.634140
1.639342	1.678098
1.647539	1.611205
1.655736	1.652615
1.663933	1.557691
1.672129	1.645926
1.680326	1.595916
1.688523	1.638281
1.696719	1.621399
1.704916	1.631592
1.713113	1.620124
1.721310	1.620762
1.729506	1.634140
1.737703	1.544949
1.745900	1.657393
1.754096	1.563106
1.762293	1.654527
1.770490	1.540809
1.778687	1.644015
1.786883	1.611842
1.795080	1.630636
1.803277	1.611205
1.811473	1.628088
1.819670	1.630955
1.827867	1.625540
1.836064	1.682558
1.844260	1.606746
1.852457	1.668542
1.860654	1.601012
1.868850	1.654527
1.877047	1.562469
1.885244	1.640192
1.893441	1.607383
1.901637	1.631910
1.909834	1.585404
1.918031	1.623628
1.926227	1.628088
1.934424	1.638281
1.942621	1.671728
1.950818	1.621080
1.959014	1.661534
1.967211	1.568521
1.975408	1.645608
1.983604	1.608976
1.991801	1.631910
1.999998	1.624584
2.008195	1.616939
2.016391	1.659942
2.024588	1.550683
2.032785	1.656756
2.040981	1.620124
2.049178	1.659623
2.057375	1.532845
2.065572	1.646882
2.073768	1.586359
2.081965	1.634459
2.090162	1.637963
2.098358	1.629362
2.106555	1.633822
2.114752	1.603560
2.122949	1.654845
2.131145	1.587634
2.139342	1.651341
2.147539	1.549090
2.155735	1.646882
2.163932	1.593686
2.172129	1.633822
2.180326	1.624584
2.188522	1.602923
2.196719	1.621717
2.204916	1.638281
2.213112	1.688610
2.221309	1.626177
2.229506	1.629999
2.237703	1.578077
2.245899	1.643378
2.254096	1.565654
2.262293	1.638918
2.270489	1.639555
2.278686	1.628088
2.286883	1.596553
2.295079	1.600694
2.303276	1.653571
2.311473	1.621399
2.319670	1.665675
2.327866	1.550365
2.336063	1.647200
2.344260	1.570751
2.352456	1.632866
2.360653	1.572662
2.368850	1.634140
2.377047	1.616621
2.385243	1.619487
2.393440	1.635414
2.401637	1.642422
2.409833	1.645608
2.418030	1.574574
2.426227	1.654527
2.434424	1.623628
2.442620	1.655164
2.450817	1.622036
2.459014	1.642422
2.467210	1.595597
2.475407	1.638600
2.483604	1.636370
2.491801	1.629681
2.499997	1.645289
2.508194	1.572025
2.516391	1.660579
2.524587	1.519148
2.532784	1.648156
2.540981	1.603242
2.549178	1.632547
2.557374	1.629999
2.565571	1.629999
2.573768	1.659942
2.581964	1.601331
2.590161	1.638918
2.598358	1.598464
2.606555	1.658668
2.614751	1.560876
2.622948	1.652934
2.631145	1.587634
2.639341	1.640192
2.647538	1.611524
2.655735	1.658030
2.663932	1.627769
2.672128	1.620443
2.680325	1.646882
2.688522	1.584130
2.696718	1.665675
2.704915	1.621399
2.713112	1.645289
2.721309	1.596871
2.729505	1.645289
2.737702	1.605472
2.745899	1.636688
2.754095	1.643378
2.762292	1.622354
2.770489	1.620762
2.778686	1.557054
2.786882	1.649430
2.795079	1.592730
2.803276	1.652297
2.811472	1.555780
2.819669	1.637326
2.827866	1.564380
2.836063	1.636370
2.844259	1.614709
2.852456	1.623628
2.860653	1.637326
2.868849	1.632866
2.877046	1.658349
2.885243	1.562151
2.893440	1.670135
2.901636	1.568521
2.909833	1.640829
2.918030	1.622991
2.926226	1.637326
2.934423	1.633503
2.942620	1.630636
2.950816	1.658349
2.959013	1.515963
2.967210	1.666312
2.975407	1.614709
2.983603	1.661216
2.991800	1.605153
2.999997	1.641785
3.008193	1.617576
3.016390	1.633185
3.024587	1.622354
3.032784	1.619169
3.040980	1.627769
3.049177	1.631592
3.057374	1.661534
3.065570	1.554506
3.073767	1.648474
3.081964	1.542720
3.090161	1.641785
3.098357	1.607701
3.106554	1.632229
3.114751	1.633822
3.122947	1.626177
3.131144	1.671409
3.139341	1.627769
3.147538	1.666631
3.155734	1.550046
3.163931	1.644015
3.172128	1.560239
3.180324	1.639555
3.188521	1.594004
3.196718	1.635414
3.204915	1.622036
3.213111	1.601331
3.221308	1.688929
3.229505	1.603879
3.237701	1.623628
3.245898	1.622036
3.254095	1.645289
3.262292	1.602286
3.270488	1.642741
3.278685	1.635096
3.286882	1.629681
3.295078	1.616302
3.303275	1.656438
3.311472	1.670135
3.319669	1.626495
3.327865	1.661216
3.336062	1.543357
3.344259	1.643059
3.352455	1.547816
3.360652	1.642422
3.368849	1.603560
3.377046	1.622036
3.385242	1.629362
3.393439	1.622354
3.401636	1.655801
3.409832	1.580307
3.418029	1.653252
3.426226	1.569795
3.434423	1.645289
3.442619	1.559921
3.450816	1.634777
3.459013	1.639555
3.467209	1.640192
3.475406	1.588271
3.483603	1.633822
3.491800	1.611842
3.499996	1.632547
3.508193	1.655164
3.516390	1.620443
3.524586	1.655164
3.532783	1.559602
3.540980	1.651341
3.549177	1.596871
3.557373	1.644015
3.565570	1.612480
3.573767	1.641467
3.581963	1.624903
3.590160	1.634459
3.598357	1.605153
3.606553	1.572662
3.614750	1.636051
3.622947	1.622036
3.631144	1.658986
3.639340	1.574574
3.647537	1.641148
3.655734	1.604516
3.663930	1.630955
3.672127	1.613435
3.680324	1.630636
3.688521	1.654527
3.696717	1.566292
3.704914	1.651978
3.713111	1.654208
3.721307	1.665038
3.729504	1.573299
3.737701	1.641148
3.745898	1.596234
3.754094	1.633822
3.762291	1.617258
3.770488	1.631910
3.778684	1.634459
3.786881	1.632866
3.795078	1.684469
3.803275	1.537942
3.811471	1.647200
3.819668	1.526793
3.827865	1.645289
3.836061	1.594004
3.844258	1.641148
3.852455	1.636051
3.860652	1.630636
3.868848	1.659305
3.877045	1.638281
3.885242	1.656119
3.893438	1.516600
3.901635	1.655482
3.909832	1.526474
3.918029	1.641467
3.926225	1.570751
3.934422	1.632866
3.942619	1.623310
3.950815	1.622991
3.959012	1.622673
3.967209	1.605790
3.975406	1.694344
3.983602	1.556735
3.991799	1.657075
3.999996	1.591775
4.008192	1.642422
4.016389	1.604198
4.024586	1.636370
4.032783	1.604198
4.040979	1.632866
4.049176	1.647200
4.057373	1.611524
4.065569	1.646563
4.073766	1.630636
4.081963	1.653252
4.090160	1.581263
4.098356	1.643696
4.106553	1.575211
4.114750	1.640511
4.122946	1.616939
4.131143	1.624584
4.139340	1.633822
4.147537	1.637007
4.155733	1.654845
4.163930	1.554824
4.172127	1.650704
4.180323	1.585404
4.188520	1.634140
4.196717	1.604516
4.204914	1.637326
4.213110	1.658668
4.221307	1.632229
4.229504	1.624265
4.237700	1.631592
4.245897	1.656438
4.254094	1.585404
4.262290	1.655482
4.270487	1.585722
4.278684	1.645289
4.286881	1.590819
4.295077	1.637644
4.303274	1.649111
4.311471	1.628088
4.319667	1.644333
4.327864	1.629999
4.336061	1.661534
4.344258	1.574892
4.352454	1.671728
4.360651	1.548135
4.368848	1.642104
4.377044	1.619806
4.385241	1.632229
4.393438	1.638600
4.401635	1.614709
4.409831	1.611205
4.418028	1.501628
4.426225	1.662490
4.434421	1.562788
4.442618	1.648474
4.450815	1.602286
4.459012	1.637326
4.467208	1.637963
4.475405	1.632547
4.483602	1.615983
4.491798	1.606109
4.499995	1.668861
4.508192	1.614709
4.516389	1.643696
4.524585	1.598145
4.532782	1.634777
4.540979	1.614391
4.549175	1.619169
4.557372	1.622991
4.565569	1.628088
4.573766	1.673957
4.581962	1.570433
4.590159	1.668542
4.598356	1.621717
4.606552	1.642741
4.614749	1.601012
4.622946	1.630636
4.631143	1.654845
4.639339	1.632229
4.647536	1.669816
4.655733	1.553550
4.663929	1.646245
4.672126	1.559921
4.680323	1.642422
4.688520	1.581581
4.696716	1.626177
4.704913	1.600375
4.713110	1.615983
4.721306	1.657712
4.729503	1.619806
4.737700	1.698803
4.745897	1.530934
4.754093	1.658668
4.762290	1.580307
4.770487	1.640829
4.778683	1.604835
4.786880	1.628406
4.795077	1.661216
4.803274	1.633503
4.811470	1.653571
4.819667	1.594960
4.827864	1.660579
4.836060	1.574255
4.844257	1.646245
4.852454	1.598145
4.860651	1.635414
4.868847	1.591775
4.877044	1.615028
4.885241	1.605472
4.893437	1.560876
4.901634	1.657075
4.909831	1.649749
4.918027	1.644652
4.926224	1.621399
4.934421	1.631910
4.942618	1.612798
4.950814	1.621399
4.959011	1.638281
4.967208	1.613117
4.975404	1.660579
4.983601	1.561195
4.991798	1.650067

