LabVIEW Measurement	
Writer_Version	2
Reader_Version	2
Separator	Tab
Decimal_Separator	.
Multi_Headings	Yes
X_Columns	One
Time_Pref	Absolute
Operator	labuser
Date	2023/05/24
Time	11:26:25.5752048874997065116
***End_of_Header***	
	
Channels	1	
Samples	610	
Date	2023/05/24	
Time	11:26:25.5752048874997065116	
Y_Unit_Label	Volts	
X_Dimension	Time	
X0	0.0000000000000000E+0	
Delta_X	0.008197	
***End_of_Header***		
X_Value	Voltage	Comment
0.000000	1.419127
0.008197	1.526156
0.016393	1.378354
0.024590	1.432187
0.032787	1.359560
0.040984	1.408934
0.049180	1.377080
0.057377	1.424861
0.065574	1.437284
0.073770	1.537942
0.081967	1.334714
0.090164	1.522333
0.098361	1.591456
0.106557	1.490161
0.114754	1.527111
0.122951	1.454803
0.131147	1.255080
0.139344	1.433143
0.147541	1.287252
0.155738	1.421357
0.163934	1.276103
0.172131	1.466589
0.180328	1.394600
0.188524	1.454485
0.196721	1.402563
0.204918	1.372620
0.213115	1.363383
0.221311	1.627769
0.229508	1.494302
0.237705	1.544631
0.245901	1.394281
0.254098	1.323566
0.262295	1.637326
0.270492	1.516918
0.278688	1.421357
0.286885	1.566929
0.295082	1.598782
0.303278	1.470730
0.311475	1.389503
0.319672	1.375806
0.327869	1.470412
0.336065	1.489842
0.344262	1.485701
0.352459	1.359242
0.360655	1.418808
0.368852	1.468182
0.377049	1.566610
0.385245	1.422631
0.393442	1.376761
0.401639	1.405430
0.409836	1.286615
0.418032	1.238834
0.426229	1.503858
0.434426	1.448751
0.442622	1.366568
0.450819	1.505132
0.459016	1.425816
0.467213	1.429957
0.475409	1.528704
0.483606	1.551002
0.491803	1.386636
0.499999	1.441106
0.508196	1.401607
0.516393	1.416897
0.524590	1.384725
0.532786	1.411164
0.540983	1.509910
0.549180	1.496213
0.557376	1.576166
0.565573	1.584767
0.573770	1.320699
0.581967	1.411164
0.590163	1.264955
0.598360	1.579352
0.606557	1.391096
0.614753	1.502584
0.622950	1.354145
0.631147	1.529978
0.639344	1.459263
0.647540	1.581263
0.655737	1.608339
0.663934	1.525837
0.672130	1.395874
0.680327	1.450025
0.688524	1.519466
0.696721	1.309231
0.704917	1.400015
0.713114	1.448114
0.721311	1.355738
0.729507	1.475827
0.737704	1.407023
0.745901	1.602923
0.754098	1.455122
0.762294	1.431869
0.770491	1.391414
0.778688	1.412756
0.786884	1.349686
0.795081	1.460537
0.803278	1.299675
0.811475	1.468182
0.819671	1.360197
0.827868	1.553869
0.836065	1.517874
0.844261	1.399059
0.852458	1.351278
0.860655	1.611205
0.868852	1.271644
0.877048	1.478375
0.885245	1.456077
0.893442	1.313691
0.901638	1.426453
0.909835	1.426772
0.918032	1.384725
0.926229	1.561195
0.934425	1.473916
0.942622	1.436647
0.950819	1.461174
0.959015	1.504495
0.967212	1.521378
0.975409	1.468500
0.983606	1.589226
0.991802	1.328025
0.999999	1.504814
1.008196	1.522652
1.016392	1.473916
1.024589	1.493665
1.032786	1.593686
1.040982	1.292986
1.049179	1.466271
1.057376	1.389821
1.065573	1.391733
1.073769	1.462130
1.081966	1.303816
1.090163	1.397148
1.098359	1.457670
1.106556	1.530615
1.114753	1.401289
1.122950	1.489205
1.131146	1.487931
1.139343	1.543038
1.147540	1.338855
1.155736	1.551002
1.163933	1.271962
1.172130	1.506088
1.180327	1.487294
1.188523	1.538579
1.196720	1.532208
1.204917	1.342041
1.213113	1.589545
1.221310	1.464359
1.229507	1.530297
1.237704	1.453529
1.245900	1.533801
1.254097	1.466271
1.262294	1.606746
1.270490	1.443973
1.278687	1.473597
1.286884	1.492709
1.295081	1.479649
1.303277	1.475190
1.311474	1.358286
1.319671	1.447158
1.327867	1.387910
1.336064	1.383132
1.344261	1.280244
1.352458	1.484746
1.360654	1.453211
1.368851	1.510547
1.377048	1.537942
1.385244	1.477738
1.393441	1.578077
1.401638	1.603242
1.409835	1.479968
1.418031	1.529978
1.426228	1.447795
1.434425	1.432187
1.442621	1.459581
1.450818	1.481242
1.459015	1.512777
1.467212	1.435054
1.475408	1.257310
1.483605	1.567884
1.491802	1.407341
1.499998	1.387910
1.508195	1.490798
1.516392	1.441425
1.524589	1.369435
1.532785	1.412119
1.540982	1.474234
1.549179	1.513733
1.557375	1.366887
1.565572	1.540171
1.573769	1.464678
1.581966	1.547816
1.590162	1.485383
1.598359	1.403519
1.606556	1.440150
1.614752	1.487613
1.622949	1.579989
1.631146	1.550046
1.639342	1.405430
1.647539	1.413393
1.655736	1.403519
1.663933	1.288526
1.672129	1.475827
1.680326	1.351597
1.688523	1.435372
1.696719	1.448751
1.704916	1.510547
1.713113	1.475827
1.721310	1.255398
1.729506	1.354782
1.737703	1.500036
1.745900	1.460218
1.754096	1.467545
1.762293	1.393644
1.770490	1.575211
1.778687	1.586041
1.786883	1.409571
1.795080	1.485383
1.803277	1.464041
1.811473	1.509273
1.819670	1.268140
1.827867	1.425179
1.836064	1.479968
1.844260	1.434098
1.852457	1.411164
1.860654	1.433780
1.868850	1.450025
1.877047	1.512140
1.885244	1.507362
1.893441	1.312735
1.901637	1.269733
1.909834	1.325795
1.918031	1.530297
1.926227	1.356694
1.934424	1.344908
1.942621	1.460537
1.950818	1.501310
1.959014	1.405111
1.967211	1.377399
1.975408	1.360516
1.983604	1.415942
1.991801	1.372302
1.999998	1.371983
2.008195	1.549409
2.016391	1.539853
2.024588	1.505132
2.032785	1.478694
2.040981	1.351915
2.049178	1.490798
2.057375	1.516600
2.065572	1.392051
2.073768	1.293942
2.081965	1.520422
2.090162	1.318469
2.098358	1.409889
2.106555	1.533482
2.114752	1.379628
2.122949	1.517874
2.131145	1.519148
2.139342	1.292667
2.147539	1.482516
2.155735	1.512140
2.163932	1.294260
2.172129	1.395874
2.180326	1.510866
2.188522	1.483153
2.196719	1.469137
2.204916	1.534438
2.213112	1.497806
2.221309	1.623628
2.229506	1.388547
2.237703	1.528704
2.245899	1.282156
2.254096	1.590819
2.262293	1.415623
2.270489	1.324521
2.278686	1.447477
2.286883	1.412438
2.295079	1.268777
2.303276	1.480605
2.311473	1.488568
2.319670	1.578715
2.327866	1.512777
2.336063	1.382177
2.344260	1.644970
2.352456	1.536668
2.360653	1.544312
2.368850	1.444610
2.377047	1.525519
2.385243	1.282474
2.393440	1.455122
2.401637	1.593686
2.409833	1.487294
2.418030	1.355419
2.426227	1.547179
2.434424	1.469456
2.442620	1.517874
2.450817	1.628725
2.459014	1.528386
2.467210	1.408934
2.475407	1.473278
2.483604	1.408615
2.491801	1.541127
2.499997	1.509910
2.508194	1.414030
2.516391	1.318469
2.524587	1.354782
2.532784	1.344589
2.540981	1.298401
2.549178	1.608657
2.557374	1.417534
2.565571	1.381221
2.573768	1.286297
2.581964	1.347137
2.590161	1.558010
2.598358	1.433143
2.606555	1.354782
2.614751	1.360516
2.622948	1.433780
2.631145	1.498761
2.639341	1.423268
2.647538	1.340448
2.655735	1.411482
2.663932	1.534119
2.672128	1.379310
2.680325	1.593049
2.688522	1.391414
2.696718	1.388547
2.704915	1.394918
2.713112	1.494620
2.721309	1.332166
2.729505	1.413712
2.737702	1.456077
2.745899	1.385999
2.754095	1.430276
2.762292	1.378673
2.770489	1.458626
2.778686	1.477101
2.786882	1.534756
2.795079	1.348730
2.803276	1.505451
2.811472	1.605790
2.819669	1.317513
2.827866	1.490798
2.836063	1.496213
2.844259	1.354464
2.852456	1.503221
2.860653	1.465952
2.868849	1.409252
2.877046	1.326751
2.885243	1.512140
2.893440	1.468182
2.901636	1.580307
2.909833	1.484746
2.918030	1.430594
2.926226	1.410845
2.934423	1.534438
2.942620	1.618213
2.950816	1.432506
2.959013	1.296808
2.967210	1.543994
2.975407	1.410208
2.983603	1.396192
2.991800	1.512140
2.999997	1.494620
3.008193	1.432824
3.016390	1.598464
3.024587	1.443973
3.032784	1.414667
3.040980	1.526793
3.049177	1.282793
3.057374	1.552913
3.065570	1.554187
3.073767	1.282793
3.081964	1.265592
3.090161	1.407023
3.098357	1.307639
3.106554	1.318469
3.114751	1.372302
3.122947	1.510229
3.131144	1.333440
3.139341	1.498443
3.147538	1.592093
3.155734	1.490798
3.163931	1.455759
3.172128	1.468182
3.180324	1.373895
3.188521	1.427090
3.196718	1.604516
3.204915	1.414030
3.213111	1.371983
3.221308	1.447477
3.229505	1.630318
3.237701	1.387910
3.245898	1.387273
3.254095	1.269414
3.262292	1.429002
3.270488	1.255717
3.278685	1.361153
3.286882	1.311143
3.295078	1.522652
3.303275	1.431550
3.311472	1.555780
3.319669	1.507043
3.327865	1.534438
3.336062	1.384725
3.344259	1.472004
3.352455	1.487294
3.360652	1.521696
3.368849	1.314965
3.377046	1.487931
3.385242	1.509592
3.393439	1.307002
3.401636	1.450025
3.409832	1.500673
3.418029	1.350323
3.426226	1.460855
3.434423	1.487613
3.442619	1.513096
3.450816	1.397148
3.459013	1.288845
3.467209	1.414030
3.475406	1.497806
3.483603	1.380584
3.491800	1.474553
3.499996	1.401289
3.508193	1.370391
3.516390	1.451936
3.524586	1.478694
3.532783	1.392688
3.540980	1.357331
3.549177	1.355738
3.557373	1.424861
3.565570	1.438876
3.573767	1.346182
3.581963	1.404474
3.590160	1.369754
3.598357	1.465315
3.606553	1.365613
3.614750	1.487931
3.622947	1.393962
3.631144	1.513096
3.639340	1.540171
3.647537	1.447795
3.655734	1.427728
3.663930	1.299994
3.672127	1.438876
3.680324	1.452255
3.688521	1.458944
3.696717	1.308913
3.704914	1.434098
3.713111	1.422312
3.721307	1.364657
3.729504	1.530615
3.737701	1.453211
3.745898	1.424861
3.754094	1.449707
3.762291	1.405111
3.770488	1.493346
3.778684	1.386955
3.786881	1.418808
3.795078	1.359242
3.803275	1.401289
3.811471	1.434098
3.819668	1.477738
3.827865	1.525837
3.836061	1.455122
3.844258	1.379628
3.852455	1.389821
3.860652	1.404156
3.868848	1.382177
3.877045	1.362109
3.885242	1.548453
3.893438	1.419127
3.901635	1.482516
3.909832	1.518192
3.918029	1.502584
3.926225	1.582218
3.934422	1.410208
3.942619	1.335033
3.950815	1.334396
3.959012	1.291393
3.967209	1.496213
3.975406	1.449388
3.983602	1.414349
3.991799	1.460218
3.999996	1.263362
4.008192	1.541446
4.016389	1.455122
4.024586	1.590500
4.032783	1.454485
4.040979	1.552594
4.049176	1.365931
4.057373	1.507999
4.065569	1.440788
4.073766	1.478694
4.081963	1.304453
4.090160	1.487294
4.098356	1.588271
4.106553	1.582856
4.114750	1.329618
4.122946	1.373258
4.131143	1.315602
4.139340	1.271962
4.147537	1.519785
4.155733	1.328025
4.163930	1.418171
4.172127	1.631910
4.180323	1.609294
4.188520	1.334077
4.196717	1.419127
4.204914	1.440788
4.213110	1.546542
4.221307	1.350323
4.229504	1.408934
4.237700	1.445566
4.245897	1.529978
4.254094	1.453211
4.262290	1.288526
4.270487	1.444610
4.278684	1.479012
4.286881	1.550046
4.295077	1.436010
4.303274	1.500991
4.311471	1.565336
4.319667	1.364976
4.327864	1.379628
4.336061	1.370072
4.344258	1.329299
4.352454	1.459581
4.360651	1.400333
4.368848	1.462448
4.377044	1.340130
4.385241	1.525519
4.393438	1.479649
4.401635	1.285022
4.409831	1.575529
4.418028	1.481879
4.426225	1.570751
4.434421	1.510547
4.442618	1.375806
4.450815	1.457033
4.459012	1.419446
4.467208	1.512459
4.475405	1.460537
4.483602	1.588908
4.491798	1.577759
4.499995	1.406385
4.508192	1.470412
4.516389	1.381858
4.524585	1.506406
4.532782	1.262406
4.540979	1.453529
4.549175	1.495258
4.557372	1.297445
4.565569	1.434417
4.573766	1.439195
4.581962	1.386636
4.590159	1.315284
4.598356	1.427090
4.606552	1.471367
4.614749	1.450344
4.622946	1.335989
4.631143	1.517874
4.639339	1.379310
4.647536	1.299357
4.655733	1.287889
4.663929	1.485064
4.672126	1.462448
4.680323	1.431550
4.688520	1.465634
4.696716	1.592093
4.704913	1.372620
4.713110	1.463404
4.721306	1.363064
4.729503	1.439513
4.737700	1.539534
4.745897	1.522333
4.754093	1.440469
4.762290	1.304453
4.770487	1.331848
4.778683	1.437284
4.786880	1.296171
4.795077	1.486339
4.803274	1.602605
4.811470	1.404474
4.819667	1.475827
4.827864	1.601968
4.836060	1.265273
4.844257	1.368161
4.852454	1.300631
4.860651	1.577440
4.868847	1.589863
4.877044	1.540171
4.885241	1.356694
4.893437	1.520104
4.901634	1.490798
4.909831	1.378036
4.918027	1.448751
4.926224	1.518829
4.934421	1.504495
4.942618	1.497806
4.950814	1.583493
4.959011	1.462767
4.967208	1.585404
4.975404	1.452573
4.983601	1.362746
4.991798	1.426772

