LabVIEW Measurement	
Writer_Version	2
Reader_Version	2
Separator	Tab
Decimal_Separator	.
Multi_Headings	Yes
X_Columns	One
Time_Pref	Absolute
Operator	labuser
Date	2023/05/24
Time	11:23:34.8992096874995387438
***End_of_Header***	
	
Channels	1	
Samples	610	
Date	2023/05/24	
Time	11:23:34.8992096874995387438	
Y_Unit_Label	Volts	
X_Dimension	Time	
X0	0.0000000000000000E+0	
Delta_X	0.008197	
***End_of_Header***		
X_Value	Voltage	Comment
0.000000	1.681602
0.008197	1.671091
0.016393	1.672683
0.024590	1.679691
0.032787	1.683832
0.040984	1.682239
0.049180	1.669498
0.057377	1.687973
0.065574	1.654527
0.073770	1.675232
0.081967	1.684788
0.090164	1.674913
0.098361	1.683832
0.106557	1.677780
0.114754	1.683195
0.122951	1.675869
0.131147	1.687336
0.139344	1.679691
0.147541	1.678735
0.155738	1.687017
0.163934	1.673320
0.172131	1.679373
0.180328	1.670772
0.188524	1.681602
0.196721	1.683832
0.204918	1.671091
0.213115	1.682876
0.221311	1.677461
0.229508	1.686380
0.237705	1.683832
0.245901	1.667905
0.254098	1.688292
0.262295	1.669498
0.270492	1.667268
0.278688	1.676506
0.286885	1.674594
0.295082	1.678735
0.303278	1.669816
0.311475	1.677143
0.319672	1.680010
0.327869	1.679373
0.336065	1.682558
0.344262	1.681602
0.352459	1.682876
0.360655	1.666631
0.368852	1.684151
0.377049	1.680010
0.385245	1.671409
0.393442	1.683832
0.401639	1.674276
0.409836	1.678417
0.418032	1.677780
0.426229	1.669816
0.434426	1.674276
0.442622	1.674276
0.450819	1.682239
0.459016	1.677461
0.467213	1.675869
0.475409	1.683195
0.483606	1.674276
0.491803	1.688610
0.499999	1.666631
0.508196	1.689566
0.516393	1.675869
0.524590	1.674276
0.532786	1.674594
0.540983	1.665994
0.549180	1.681602
0.557376	1.663764
0.565573	1.679054
0.573770	1.671409
0.581967	1.671409
0.590163	1.681284
0.598360	1.683195
0.606557	1.675232
0.614753	1.671728
0.622950	1.681921
0.631147	1.662490
0.639344	1.682876
0.647540	1.679373
0.655737	1.666950
0.663934	1.687017
0.672130	1.673957
0.680327	1.680647
0.688524	1.681602
0.696721	1.686380
0.704917	1.673320
0.713114	1.675550
0.721311	1.683195
0.729507	1.685106
0.737704	1.674276
0.745901	1.676187
0.754098	1.678098
0.762294	1.665675
0.770491	1.682876
0.778688	1.675232
0.786884	1.682876
0.795081	1.681284
0.803278	1.686062
0.811475	1.676824
0.819671	1.677143
0.827868	1.684788
0.836065	1.686699
0.844261	1.667905
0.852458	1.672365
0.860655	1.683832
0.868852	1.673320
0.877048	1.679373
0.885245	1.680328
0.893442	1.682239
0.901638	1.664401
0.909835	1.679691
0.918032	1.685106
0.926229	1.672046
0.934425	1.676824
0.942622	1.683514
0.950819	1.686380
0.959015	1.684788
0.967212	1.660579
0.975409	1.687336
0.983606	1.671728
0.991802	1.683195
0.999999	1.672046
1.008196	1.671409
1.016392	1.678417
1.024589	1.677461
1.032786	1.671409
1.040982	1.672683
1.049179	1.679054
1.057376	1.676506
1.065573	1.685106
1.073769	1.666950
1.081966	1.674594
1.090163	1.680965
1.098359	1.680010
1.106556	1.671728
1.114753	1.671091
1.122950	1.680328
1.131146	1.671409
1.139343	1.688292
1.147540	1.670135
1.155736	1.691477
1.163933	1.672046
1.172130	1.675232
1.180327	1.680010
1.188523	1.679373
1.196720	1.673957
1.204917	1.661853
1.213113	1.682239
1.221310	1.680328
1.229507	1.661534
1.237704	1.675869
1.245900	1.681284
1.254097	1.681602
1.262294	1.678735
1.270490	1.678098
1.278687	1.676187
1.286884	1.670772
1.295081	1.671091
1.303277	1.676824
1.311474	1.671409
1.319671	1.676506
1.327867	1.673639
1.336064	1.673002
1.344261	1.681284
1.352458	1.687336
1.360654	1.668224
1.368851	1.672365
1.377048	1.672365
1.385244	1.675232
1.393441	1.681602
1.401638	1.681921
1.409835	1.684469
1.418031	1.680965
1.426228	1.663764
1.434425	1.682239
1.442621	1.683832
1.450818	1.674913
1.459015	1.679054
1.467212	1.669179
1.475408	1.673002
1.483605	1.684151
1.491802	1.665675
1.499998	1.675232
1.508195	1.681921
1.516392	1.679373
1.524589	1.671091
1.532785	1.665038
1.540982	1.663446
1.549179	1.679373
1.557375	1.678098
1.565572	1.674913
1.573769	1.676506
1.581966	1.679691
1.590162	1.669816
1.598359	1.681602
1.606556	1.676187
1.614752	1.672046
1.622949	1.666950
1.631146	1.673957
1.639342	1.681284
1.647539	1.666312
1.655736	1.674276
1.663933	1.679054
1.672129	1.682558
1.680326	1.674594
1.688523	1.673002
1.696719	1.672365
1.704916	1.677780
1.713113	1.679691
1.721310	1.676824
1.729506	1.685743
1.737703	1.679054
1.745900	1.681284
1.754096	1.680328
1.762293	1.658668
1.770490	1.682239
1.778687	1.668861
1.786883	1.677143
1.795080	1.684788
1.803277	1.672046
1.811473	1.679691
1.819670	1.683195
1.827867	1.676187
1.836064	1.671409
1.844260	1.674913
1.852457	1.689247
1.860654	1.676506
1.868850	1.673957
1.877047	1.662490
1.885244	1.678098
1.893441	1.682239
1.901637	1.667268
1.909834	1.679054
1.918031	1.676824
1.926227	1.677143
1.934424	1.675550
1.942621	1.676824
1.950818	1.666950
1.959014	1.668542
1.967211	1.672046
1.975408	1.687336
1.983604	1.671409
1.991801	1.690521
1.999998	1.670772
2.008195	1.672046
2.016391	1.685425
2.024588	1.666950
2.032785	1.687973
2.040981	1.672365
2.049178	1.685425
2.057375	1.665357
2.065572	1.684151
2.073768	1.673002
2.081965	1.665357
2.090162	1.684151
2.098358	1.676187
2.106555	1.671728
2.114752	1.680010
2.122949	1.667905
2.131145	1.674276
2.139342	1.674276
2.147539	1.678417
2.155735	1.671409
2.163932	1.681921
2.172129	1.678098
2.180326	1.676506
2.188522	1.678417
2.196719	1.673320
2.204916	1.680647
2.213112	1.673957
2.221309	1.678098
2.229506	1.666631
2.237703	1.680965
2.245899	1.679054
2.254096	1.676824
2.262293	1.672683
2.270489	1.673639
2.278686	1.687017
2.286883	1.673002
2.295079	1.676506
2.303276	1.686699
2.311473	1.672683
2.319670	1.683832
2.327866	1.674913
2.336063	1.674913
2.344260	1.661853
2.352456	1.679691
2.360653	1.678098
2.368850	1.668224
2.377047	1.681284
2.385243	1.679691
2.393440	1.676824
2.401637	1.672683
2.409833	1.685743
2.418030	1.681602
2.426227	1.676187
2.434424	1.680647
2.442620	1.680010
2.450817	1.664720
2.459014	1.663446
2.467210	1.672046
2.475407	1.675550
2.483604	1.652615
2.491801	1.674276
2.499997	1.679054
2.508194	1.673957
2.516391	1.679691
2.524587	1.672046
2.532784	1.666312
2.540981	1.679691
2.549178	1.680328
2.557374	1.672365
2.565571	1.683195
2.573768	1.670453
2.581964	1.675232
2.590161	1.683195
2.598358	1.679054
2.606555	1.677143
2.614751	1.679691
2.622948	1.689247
2.631145	1.671091
2.639341	1.683195
2.647538	1.673320
2.655735	1.674594
2.663932	1.673639
2.672128	1.680328
2.680325	1.654527
2.688522	1.678098
2.696718	1.667268
2.704915	1.658986
2.713112	1.679691
2.721309	1.675232
2.729505	1.675550
2.737702	1.652934
2.745899	1.673957
2.754095	1.680010
2.762292	1.677780
2.770489	1.655801
2.778686	1.674276
2.786882	1.660579
2.795079	1.679691
2.803276	1.683514
2.811472	1.679691
2.819669	1.676187
2.827866	1.674276
2.836063	1.677780
2.844259	1.680010
2.852456	1.683195
2.860653	1.676506
2.868849	1.681602
2.877046	1.672365
2.885243	1.673957
2.893440	1.674913
2.901636	1.678417
2.909833	1.672683
2.918030	1.680010
2.926226	1.677461
2.934423	1.683195
2.942620	1.678417
2.950816	1.682239
2.959013	1.671728
2.967210	1.686699
2.975407	1.661853
2.983603	1.680328
2.991800	1.678417
2.999997	1.671091
3.008193	1.674276
3.016390	1.679373
3.024587	1.676187
3.032784	1.672683
3.040980	1.678417
3.049177	1.670772
3.057374	1.682558
3.065570	1.679691
3.073767	1.673957
3.081964	1.673320
3.090161	1.675869
3.098357	1.670453
3.106554	1.672683
3.114751	1.675550
3.122947	1.675550
3.131144	1.684788
3.139341	1.669179
3.147538	1.680010
3.155734	1.674913
3.163931	1.665994
3.172128	1.677461
3.180324	1.673002
3.188521	1.683195
3.196718	1.672365
3.204915	1.682239
3.213111	1.674276
3.221308	1.690840
3.229505	1.656756
3.237701	1.672365
3.245898	1.684788
3.254095	1.668861
3.262292	1.667587
3.270488	1.666312
3.278685	1.673639
3.286882	1.673957
3.295078	1.670135
3.303275	1.675232
3.311472	1.678098
3.319669	1.672683
3.327865	1.682558
3.336062	1.678417
3.344259	1.681284
3.352455	1.678098
3.360652	1.678735
3.368849	1.686699
3.377046	1.673957
3.385242	1.681602
3.393439	1.674594
3.401636	1.680010
3.409832	1.688610
3.418029	1.674276
3.426226	1.675232
3.434423	1.686699
3.442619	1.681921
3.450816	1.673957
3.459013	1.677143
3.467209	1.682876
3.475406	1.657712
3.483603	1.680965
3.491800	1.677461
3.499996	1.677461
3.508193	1.679054
3.516390	1.670135
3.524586	1.678735
3.532783	1.676506
3.540980	1.680010
3.549177	1.681284
3.557373	1.678735
3.565570	1.679691
3.573767	1.679054
3.581963	1.675869
3.590160	1.682558
3.598357	1.680965
3.606553	1.669498
3.614750	1.671728
3.622947	1.679691
3.631144	1.673639
3.639340	1.660260
3.647537	1.671091
3.655734	1.680647
3.663930	1.669179
3.672127	1.678417
3.680324	1.684151
3.688521	1.674913
3.696717	1.672046
3.704914	1.676187
3.713111	1.691477
3.721307	1.654845
3.729504	1.676187
3.737701	1.687336
3.745898	1.667587
3.754094	1.687336
3.762291	1.665675
3.770488	1.682876
3.778684	1.665038
3.786881	1.674276
3.795078	1.676824
3.803275	1.677780
3.811471	1.678098
3.819668	1.667587
3.827865	1.675550
3.836061	1.671091
3.844258	1.664401
3.852455	1.682239
3.860652	1.678098
3.868848	1.673320
3.877045	1.674276
3.885242	1.678417
3.893438	1.680328
3.901635	1.680965
3.909832	1.675869
3.918029	1.681921
3.926225	1.673639
3.934422	1.677780
3.942619	1.677461
3.950815	1.672683
3.959012	1.674913
3.967209	1.666950
3.975406	1.671728
3.983602	1.672046
3.991799	1.677780
3.999996	1.680010
4.008192	1.672683
4.016389	1.667587
4.024586	1.670135
4.032783	1.676824
4.040979	1.680328
4.049176	1.673639
4.057373	1.678735
4.065569	1.677780
4.073766	1.677461
4.081963	1.674276
4.090160	1.678417
4.098356	1.668224
4.106553	1.684788
4.114750	1.674913
4.122946	1.672683
4.131143	1.682876
4.139340	1.672046
4.147537	1.676824
4.155733	1.674594
4.163930	1.676187
4.172127	1.677143
4.180323	1.672365
4.188520	1.684788
4.196717	1.673639
4.204914	1.676187
4.213110	1.665357
4.221307	1.679691
4.229504	1.682876
4.237700	1.660260
4.245897	1.666631
4.254094	1.687655
4.262290	1.673957
4.270487	1.668542
4.278684	1.683832
4.286881	1.666631
4.295077	1.676187
4.303274	1.677143
4.311471	1.675869
4.319667	1.674594
4.327864	1.678417
4.336061	1.676506
4.344258	1.679691
4.352454	1.675869
4.360651	1.673639
4.368848	1.677461
4.377044	1.676187
4.385241	1.677143
4.393438	1.680010
4.401635	1.677461
4.409831	1.672046
4.418028	1.667268
4.426225	1.666950
4.434421	1.677780
4.442618	1.671091
4.450815	1.681284
4.459012	1.672365
4.467208	1.680965
4.475405	1.669816
4.483602	1.673002
4.491798	1.671728
4.499995	1.677780
4.508192	1.677780
4.516389	1.676187
4.524585	1.671091
4.532782	1.653889
4.540979	1.680328
4.549175	1.679054
4.557372	1.675232
4.565569	1.680010
4.573766	1.683195
4.581962	1.674594
4.590159	1.673957
4.598356	1.672046
4.606552	1.671728
4.614749	1.680965
4.622946	1.661216
4.631143	1.661534
4.639339	1.672046
4.647536	1.672046
4.655733	1.674276
4.663929	1.673957
4.672126	1.682876
4.680323	1.664083
4.688520	1.674594
4.696716	1.678417
4.704913	1.676187
4.713110	1.675232
4.721306	1.673320
4.729503	1.670135
4.737700	1.672046
4.745897	1.686062
4.754093	1.669498
4.762290	1.692433
4.770487	1.661534
4.778683	1.683514
4.786880	1.675869
4.795077	1.679054
4.803274	1.672365
4.811470	1.687973
4.819667	1.677143
4.827864	1.670772
4.836060	1.675869
4.844257	1.683832
4.852454	1.667587
4.860651	1.674594
4.868847	1.680647
4.877044	1.671091
4.885241	1.670453
4.893437	1.680010
4.901634	1.676824
4.909831	1.686062
4.918027	1.658668
4.926224	1.666631
4.934421	1.679054
4.942618	1.679054
4.950814	1.683514
4.959011	1.663764
4.967208	1.680647
4.975404	1.673639
4.983601	1.687336
4.991798	1.661216

