LabVIEW Measurement	
Writer_Version	2
Reader_Version	2
Separator	Tab
Decimal_Separator	.
Multi_Headings	Yes
X_Columns	One
Time_Pref	Absolute
Operator	labuser
Date	2023/05/24
Time	11:28:37.360085787499817899
***End_of_Header***	
	
Channels	1	
Samples	610	
Date	2023/05/24	
Time	11:28:37.360085787499817899	
Y_Unit_Label	Volts	
X_Dimension	Time	
X0	0.0000000000000000E+0	
Delta_X	0.008197	
***End_of_Header***		
X_Value	Voltage	Comment
0.000000	1.671409
0.008197	1.687017
0.016393	1.680647
0.024590	1.676506
0.032787	1.704856
0.040984	1.686699
0.049180	1.680010
0.057377	1.668861
0.065574	1.686062
0.073770	1.696574
0.081967	1.676506
0.090164	1.694981
0.098361	1.680965
0.106557	1.718871
0.114754	1.683832
0.122951	1.695618
0.131147	1.702944
0.139344	1.681921
0.147541	1.685425
0.155738	1.651660
0.163934	1.714730
0.172131	1.689247
0.180328	1.667587
0.188524	1.693707
0.196721	1.688292
0.204918	1.712819
0.213115	1.678735
0.221311	1.676187
0.229508	1.730020
0.237705	1.676506
0.245901	1.726835
0.254098	1.673639
0.262295	1.703900
0.270492	1.686380
0.278688	1.693707
0.286885	1.677143
0.295082	1.696255
0.303278	1.672683
0.311475	1.688292
0.319672	1.694344
0.327869	1.701352
0.336065	1.695618
0.344262	1.686699
0.352459	1.682239
0.360655	1.663127
0.368852	1.694025
0.377049	1.621717
0.385245	1.678417
0.393442	1.671409
0.401639	1.692751
0.409836	1.687017
0.418032	1.688292
0.426229	1.687973
0.434426	1.669179
0.442622	1.696574
0.450819	1.702307
0.459016	1.687017
0.467213	1.687655
0.475409	1.687655
0.483606	1.702944
0.491803	1.690521
0.499999	1.680965
0.508196	1.692751
0.516393	1.693070
0.524590	1.705493
0.532786	1.686699
0.540983	1.665675
0.549180	1.611205
0.557376	1.686062
0.565573	1.691796
0.573770	1.695299
0.581967	1.684469
0.590163	1.693070
0.598360	1.674594
0.606557	1.686699
0.614753	1.692433
0.622950	1.673957
0.631147	1.663127
0.639344	1.678735
0.647540	1.686380
0.655737	1.669816
0.663934	1.673957
0.672130	1.672046
0.680327	1.686380
0.688524	1.693070
0.696721	1.680965
0.704917	1.684151
0.713114	1.681602
0.721311	1.698485
0.729507	1.671409
0.737704	1.674913
0.745901	1.699122
0.754098	1.674276
0.762294	1.690521
0.770491	1.678098
0.778688	1.675869
0.786884	1.660260
0.795081	1.680965
0.803278	1.686380
0.811475	1.685743
0.819671	1.670453
0.827868	1.693707
0.836065	1.687655
0.844261	1.690203
0.852458	1.684469
0.860655	1.658668
0.868852	1.694981
0.877048	1.643378
0.885245	1.681602
0.893442	1.666950
0.901638	1.688292
0.909835	1.673002
0.918032	1.692433
0.926229	1.663764
0.934425	1.699759
0.942622	1.671728
0.950819	1.682876
0.959015	1.700715
0.967212	1.668861
0.975409	1.691477
0.983606	1.690521
0.991802	1.685425
0.999999	1.694662
1.008196	1.694662
1.016392	1.682876
1.024589	1.681284
1.032786	1.696255
1.040982	1.669816
1.049179	1.698803
1.057376	1.651660
1.065573	1.685106
1.073769	1.668224
1.081966	1.706448
1.090163	1.684469
1.098359	1.690521
1.106556	1.690203
1.114753	1.686699
1.122950	1.678735
1.131146	1.714730
1.139343	1.686699
1.147540	1.680647
1.155736	1.694981
1.163933	1.681602
1.172130	1.742443
1.180327	1.717916
1.188523	1.659305
1.196720	1.680965
1.204917	1.694981
1.213113	1.661216
1.221310	1.697529
1.229507	1.662809
1.237704	1.699440
1.245900	1.688929
1.254097	1.698485
1.262294	1.713456
1.270490	1.684151
1.278687	1.646563
1.286884	1.707722
1.295081	1.687973
1.303277	1.671409
1.311474	1.670772
1.319671	1.693388
1.327867	1.690203
1.336064	1.696892
1.344261	1.674913
1.352458	1.690203
1.360654	1.686380
1.368851	1.678735
1.377048	1.693388
1.385244	1.680010
1.393441	1.709634
1.401638	1.683514
1.409835	1.675550
1.418031	1.677461
1.426228	1.697848
1.434425	1.700715
1.442621	1.714730
1.450818	1.678735
1.459015	1.673957
1.467212	1.665038
1.475408	1.686699
1.483605	1.700396
1.491802	1.673639
1.499998	1.696892
1.508195	1.682558
1.516392	1.691477
1.524589	1.692751
1.532785	1.694025
1.540982	1.682876
1.549179	1.669816
1.557375	1.685425
1.565572	1.678417
1.573769	1.700396
1.581966	1.674276
1.590162	1.681602
1.598359	1.685106
1.606556	1.687973
1.614752	1.669179
1.622949	1.670135
1.631146	1.692751
1.639342	1.665357
1.647539	1.684469
1.655736	1.676824
1.663933	1.684469
1.672129	1.687336
1.680326	1.694344
1.688523	1.696574
1.696719	1.686380
1.704916	1.674913
1.713113	1.658668
1.721310	1.704218
1.729506	1.671409
1.737703	1.668861
1.745900	1.675869
1.754096	1.706767
1.762293	1.671409
1.770490	1.684788
1.778687	1.702626
1.786883	1.654208
1.795080	1.693070
1.803277	1.670453
1.811473	1.689566
1.819670	1.697529
1.827867	1.698485
1.836064	1.665038
1.844260	1.692114
1.852457	1.674913
1.860654	1.682876
1.868850	1.710271
1.877047	1.694981
1.885244	1.689884
1.893441	1.696892
1.901637	1.682558
1.909834	1.696574
1.918031	1.666950
1.926227	1.677461
1.934424	1.685743
1.942621	1.697529
1.950818	1.679373
1.959014	1.672683
1.967211	1.679373
1.975408	1.701670
1.983604	1.669498
1.991801	1.680965
1.999998	1.643059
2.008195	1.685743
2.016391	1.695937
2.024588	1.707404
2.032785	1.689247
2.040981	1.670772
2.049178	1.680328
2.057375	1.685743
2.065572	1.687017
2.073768	1.682558
2.081965	1.683514
2.090162	1.694981
2.098358	1.672046
2.106555	1.684469
2.114752	1.696892
2.122949	1.682558
2.131145	1.705811
2.139342	1.672046
2.147539	1.586678
2.155735	1.714093
2.163932	1.675232
2.172129	1.682239
2.180326	1.673639
2.188522	1.706767
2.196719	1.662490
2.204916	1.676824
2.213112	1.683514
2.221309	1.682876
2.229506	1.687655
2.237703	1.696892
2.245899	1.673002
2.254096	1.691158
2.262293	1.674276
2.270489	1.666631
2.278686	1.684788
2.286883	1.690521
2.295079	1.633822
2.303276	1.682876
2.311473	1.679691
2.319670	1.692751
2.327866	1.688292
2.336063	1.682239
2.344260	1.689884
2.352456	1.681921
2.360653	1.687336
2.368850	1.689247
2.377047	1.693388
2.385243	1.682239
2.393440	1.704856
2.401637	1.666631
2.409833	1.616939
2.418030	1.675869
2.426227	1.686062
2.434424	1.722057
2.442620	1.684788
2.450817	1.703900
2.459014	1.652615
2.467210	1.692114
2.475407	1.666950
2.483604	1.666312
2.491801	1.682239
2.499997	1.710589
2.508194	1.731613
2.516391	1.653571
2.524587	1.680965
2.532784	1.665357
2.540981	1.677780
2.549178	1.693707
2.557374	1.680010
2.565571	1.664720
2.573768	1.690840
2.581964	1.687017
2.590161	1.692433
2.598358	1.681284
2.606555	1.688610
2.614751	1.678735
2.622948	1.702307
2.631145	1.664401
2.639341	1.671728
2.647538	1.710908
2.655735	1.667905
2.663932	1.669816
2.672128	1.689566
2.680325	1.675232
2.688522	1.686380
2.696718	1.674913
2.704915	1.692114
2.713112	1.708041
2.721309	1.702626
2.729505	1.686699
2.737702	1.702307
2.745899	1.708678
2.754095	1.649430
2.762292	1.657393
2.770489	1.680328
2.778686	1.638918
2.786882	1.694025
2.795079	1.691796
2.803276	1.685743
2.811472	1.694662
2.819669	1.674913
2.827866	1.690521
2.836063	1.694662
2.844259	1.704537
2.852456	1.701989
2.860653	1.679691
2.868849	1.691796
2.877046	1.673002
2.885243	1.693070
2.893440	1.636370
2.901636	1.708997
2.909833	1.669498
2.918030	1.683195
2.926226	1.694981
2.934423	1.688292
2.942620	1.688292
2.950816	1.682876
2.959013	1.684151
2.967210	1.710589
2.975407	1.678417
2.983603	1.686380
2.991800	1.687655
2.999997	1.685743
3.008193	1.738302
3.016390	1.703263
3.024587	1.710908
3.032784	1.709315
3.040980	1.686062
3.049177	1.716323
3.057374	1.674594
3.065570	1.684469
3.073767	1.670772
3.081964	1.669816
3.090161	1.722694
3.098357	1.677780
3.106554	1.683514
3.114751	1.701670
3.122947	1.658986
3.131144	1.695299
3.139341	1.665357
3.147538	1.696574
3.155734	1.665357
3.163931	1.693707
3.172128	1.693070
3.180324	1.668224
3.188521	1.688610
3.196718	1.664720
3.204915	1.662809
3.213111	1.696892
3.221308	1.682558
3.229505	1.667905
3.237701	1.709315
3.245898	1.688929
3.254095	1.680965
3.262292	1.674276
3.270488	1.689884
3.278685	1.680965
3.286882	1.715367
3.295078	1.703900
3.303275	1.683514
3.311472	1.683514
3.319669	1.692114
3.327865	1.672046
3.336062	1.683514
3.344259	1.663127
3.352455	1.695299
3.360652	1.712819
3.368849	1.669179
3.377046	1.700715
3.385242	1.673320
3.393439	1.693070
3.401636	1.700396
3.409832	1.576485
3.418029	1.662490
3.426226	1.685106
3.434423	1.687973
3.442619	1.687336
3.450816	1.680965
3.459013	1.697529
3.467209	1.688610
3.475406	1.694981
3.483603	1.692433
3.491800	1.685743
3.499996	1.682876
3.508193	1.702944
3.516390	1.693707
3.524586	1.701352
3.532783	1.661216
3.540980	1.695618
3.549177	1.654527
3.557373	1.715049
3.565570	1.687655
3.573767	1.682558
3.581963	1.665675
3.590160	1.693388
3.598357	1.711863
3.606553	1.672046
3.614750	1.654208
3.622947	1.701670
3.631144	1.679691
3.639340	1.694662
3.647537	1.671409
3.655734	1.673002
3.663930	1.706448
3.672127	1.681602
3.680324	1.688610
3.688521	1.687973
3.696717	1.680965
3.704914	1.665675
3.713111	1.672683
3.721307	1.686699
3.729504	1.670772
3.737701	1.689884
3.745898	1.694981
3.754094	1.680647
3.762291	1.674276
3.770488	1.692751
3.778684	1.681921
3.786881	1.692114
3.795078	1.670135
3.803275	1.699440
3.811471	1.710271
3.819668	1.682558
3.827865	1.682558
3.836061	1.706130
3.844258	1.685743
3.852455	1.689247
3.860652	1.687017
3.868848	1.679054
3.877045	1.660897
3.885242	1.650704
3.893438	1.664401
3.901635	1.668224
3.909832	1.715049
3.918029	1.649430
3.926225	1.688929
3.934422	1.678098
3.942619	1.680328
3.950815	1.685425
3.959012	1.698485
3.967209	1.697848
3.975406	1.666950
3.983602	1.687655
3.991799	1.676824
3.999996	1.702626
4.008192	1.701989
4.016389	1.675232
4.024586	1.723012
4.032783	1.678098
4.040979	1.670135
4.049176	1.671409
4.057373	1.689884
4.065569	1.688292
4.073766	1.714093
4.081963	1.675550
4.090160	1.724923
4.098356	1.649430
4.106553	1.705493
4.114750	1.671091
4.122946	1.688929
4.131143	1.665038
4.139340	1.703581
4.147537	1.654845
4.155733	1.684151
4.163930	1.688292
4.172127	1.621080
4.180323	1.695299
4.188520	1.700715
4.196717	1.692751
4.204914	1.695299
4.213110	1.670772
4.221307	1.701670
4.229504	1.683832
4.237700	1.697848
4.245897	1.687655
4.254094	1.675869
4.262290	1.695299
4.270487	1.671409
4.278684	1.692751
4.286881	1.686699
4.295077	1.679373
4.303274	1.684151
4.311471	1.692751
4.319667	1.688610
4.327864	1.679691
4.336061	1.684788
4.344258	1.679691
4.352454	1.681602
4.360651	1.705493
4.368848	1.707722
4.377044	1.672046
4.385241	1.690840
4.393438	1.702307
4.401635	1.687973
4.409831	1.688929
4.418028	1.672365
4.426225	1.697848
4.434421	1.688610
4.442618	1.694981
4.450815	1.696255
4.459012	1.663127
4.467208	1.698803
4.475405	1.686380
4.483602	1.694981
4.491798	1.692433
4.499995	1.676506
4.508192	1.692751
4.516389	1.692751
4.524585	1.672365
4.532782	1.693707
4.540979	1.680965
4.549175	1.682239
4.557372	1.691796
4.565569	1.689884
4.573766	1.680647
4.581962	1.682239
4.590159	1.679373
4.598356	1.689884
4.606552	1.671728
4.614749	1.694662
4.622946	1.683832
4.631143	1.696255
4.639339	1.660897
4.647536	1.691796
4.655733	1.667587
4.663929	1.588589
4.672126	1.682239
4.680323	1.697848
4.688520	1.658030
4.696716	1.685106
4.704913	1.675869
4.713110	1.691158
4.721306	1.684788
4.729503	1.681921
4.737700	1.701989
4.745897	1.684788
4.754093	1.690521
4.762290	1.682876
4.770487	1.671409
4.778683	1.694981
4.786880	1.699440
4.795077	1.672046
4.803274	1.686699
4.811470	1.677143
4.819667	1.693388
4.827864	1.676824
4.836060	1.676824
4.844257	1.687973
4.852454	1.671728
4.860651	1.671728
4.868847	1.697529
4.877044	1.682876
4.885241	1.703900
4.893437	1.680965
4.901634	1.707085
4.909831	1.684788
4.918027	1.692114
4.926224	1.677780
4.934421	1.695618
4.942618	1.678417
4.950814	1.699440
4.959011	1.677461
4.967208	1.692114
4.975404	1.679691
4.983601	1.686380
4.991798	1.710589

