LabVIEW Measurement	
Writer_Version	2
Reader_Version	2
Separator	Tab
Decimal_Separator	.
Multi_Headings	Yes
X_Columns	One
Time_Pref	Absolute
Operator	labuser
Date	2023/05/24
Time	11:23:49.4309270874997812178
***End_of_Header***	
	
Channels	1	
Samples	610	
Date	2023/05/24	
Time	11:23:49.4309270874997812178	
Y_Unit_Label	Volts	
X_Dimension	Time	
X0	0.0000000000000000E+0	
Delta_X	0.008197	
***End_of_Header***		
X_Value	Voltage	Comment
0.000000	1.676187
0.008197	1.699440
0.016393	1.676187
0.024590	1.678417
0.032787	1.687973
0.040984	1.680328
0.049180	1.675232
0.057377	1.687017
0.065574	1.687336
0.073770	1.669179
0.081967	1.688929
0.090164	1.677143
0.098361	1.691158
0.106557	1.663446
0.114754	1.685425
0.122951	1.673957
0.131147	1.661853
0.139344	1.685743
0.147541	1.676187
0.155738	1.654527
0.163934	1.668542
0.172131	1.688610
0.180328	1.668224
0.188524	1.667268
0.196721	1.669816
0.204918	1.686699
0.213115	1.685425
0.221311	1.675869
0.229508	1.676506
0.237705	1.681921
0.245901	1.678417
0.254098	1.673957
0.262295	1.670135
0.270492	1.673957
0.278688	1.691796
0.286885	1.677461
0.295082	1.683514
0.303278	1.680010
0.311475	1.687336
0.319672	1.676187
0.327869	1.675232
0.336065	1.665675
0.344262	1.682558
0.352459	1.678735
0.360655	1.674594
0.368852	1.680965
0.377049	1.682239
0.385245	1.686380
0.393442	1.674913
0.401639	1.689247
0.409836	1.659942
0.418032	1.680328
0.426229	1.664720
0.434426	1.689884
0.442622	1.679691
0.450819	1.676506
0.459016	1.674594
0.467213	1.686062
0.475409	1.696892
0.483606	1.679054
0.491803	1.671409
0.499999	1.681921
0.508196	1.687973
0.516393	1.679691
0.524590	1.671728
0.532786	1.674594
0.540983	1.676506
0.549180	1.693070
0.557376	1.668542
0.565573	1.679373
0.573770	1.670772
0.581967	1.679373
0.590163	1.675869
0.598360	1.688610
0.606557	1.684788
0.614753	1.678098
0.622950	1.676506
0.631147	1.675232
0.639344	1.686699
0.647540	1.656119
0.655737	1.679373
0.663934	1.660260
0.672130	1.694981
0.680327	1.646245
0.688524	1.673639
0.696721	1.664083
0.704917	1.663764
0.713114	1.682876
0.721311	1.682876
0.729507	1.691796
0.737704	1.668224
0.745901	1.688929
0.754098	1.676506
0.762294	1.683832
0.770491	1.679373
0.778688	1.684788
0.786884	1.675232
0.795081	1.626814
0.803278	1.672046
0.811475	1.674276
0.819671	1.653889
0.827868	1.673002
0.836065	1.680328
0.844261	1.674276
0.852458	1.675869
0.860655	1.687017
0.868852	1.671091
0.877048	1.695618
0.885245	1.667587
0.893442	1.684788
0.901638	1.692751
0.909835	1.678098
0.918032	1.689247
0.926229	1.683195
0.934425	1.680328
0.942622	1.684469
0.950819	1.692751
0.959015	1.673320
0.967212	1.686380
0.975409	1.681602
0.983606	1.672046
0.991802	1.688929
0.999999	1.665675
1.008196	1.676506
1.016392	1.676824
1.024589	1.684151
1.032786	1.683195
1.040982	1.692433
1.049179	1.668861
1.057376	1.668542
1.065573	1.687973
1.073769	1.672683
1.081966	1.674913
1.090163	1.682558
1.098359	1.673639
1.106556	1.684151
1.114753	1.678098
1.122950	1.692433
1.131146	1.673639
1.139343	1.681602
1.147540	1.685425
1.155736	1.671409
1.163933	1.681284
1.172130	1.672365
1.180327	1.683514
1.188523	1.682876
1.196720	1.672046
1.204917	1.687973
1.213113	1.674594
1.221310	1.684151
1.229507	1.631592
1.237704	1.692114
1.245900	1.664083
1.254097	1.666312
1.262294	1.663764
1.270490	1.690521
1.278687	1.687973
1.286884	1.681602
1.295081	1.670135
1.303277	1.664720
1.311474	1.688929
1.319671	1.676824
1.327867	1.686380
1.336064	1.690521
1.344261	1.679691
1.352458	1.682239
1.360654	1.683514
1.368851	1.688610
1.377048	1.675550
1.385244	1.662809
1.393441	1.680010
1.401638	1.684151
1.409835	1.683832
1.418031	1.682239
1.426228	1.688292
1.434425	1.674276
1.442621	1.679373
1.450818	1.681602
1.459015	1.690840
1.467212	1.674913
1.475408	1.674913
1.483605	1.693388
1.491802	1.675869
1.499998	1.670772
1.508195	1.691477
1.516392	1.669498
1.524589	1.688929
1.532785	1.658668
1.540982	1.679054
1.549179	1.681921
1.557375	1.678735
1.565572	1.689247
1.573769	1.674913
1.581966	1.671728
1.590162	1.670135
1.598359	1.691158
1.606556	1.692114
1.614752	1.673957
1.622949	1.674594
1.631146	1.680965
1.639342	1.674276
1.647539	1.685106
1.655736	1.672365
1.663933	1.694662
1.672129	1.693070
1.680326	1.678098
1.688523	1.673320
1.696719	1.686699
1.704916	1.672365
1.713113	1.694662
1.721310	1.660897
1.729506	1.692114
1.737703	1.664083
1.745900	1.695299
1.754096	1.673639
1.762293	1.667587
1.770490	1.675232
1.778687	1.685425
1.786883	1.688610
1.795080	1.682239
1.803277	1.672046
1.811473	1.689566
1.819670	1.685743
1.827867	1.670135
1.836064	1.672683
1.844260	1.683195
1.852457	1.668224
1.860654	1.678735
1.868850	1.686699
1.877047	1.678417
1.885244	1.670772
1.893441	1.673002
1.901637	1.691796
1.909834	1.649749
1.918031	1.666950
1.926227	1.661853
1.934424	1.682558
1.942621	1.696255
1.950818	1.674594
1.959014	1.686699
1.967211	1.687336
1.975408	1.682239
1.983604	1.691796
1.991801	1.680647
1.999998	1.674913
2.008195	1.672683
2.016391	1.683832
2.024588	1.679373
2.032785	1.683832
2.040981	1.683195
2.049178	1.690521
2.057375	1.677143
2.065572	1.683514
2.073768	1.688929
2.081965	1.675550
2.090162	1.684151
2.098358	1.671409
2.106555	1.686699
2.114752	1.682876
2.122949	1.679373
2.131145	1.680647
2.139342	1.681602
2.147539	1.685425
2.155735	1.680647
2.163932	1.670453
2.172129	1.682558
2.180326	1.685743
2.188522	1.673002
2.196719	1.689884
2.204916	1.692751
2.213112	1.674594
2.221309	1.678098
2.229506	1.678417
2.237703	1.661216
2.245899	1.690521
2.254096	1.685106
2.262293	1.676824
2.270489	1.681921
2.278686	1.689884
2.286883	1.677780
2.295079	1.687017
2.303276	1.680010
2.311473	1.687655
2.319670	1.667268
2.327866	1.687655
2.336063	1.679691
2.344260	1.667587
2.352456	1.678098
2.360653	1.682876
2.368850	1.685743
2.377047	1.686380
2.385243	1.684788
2.393440	1.671728
2.401637	1.677461
2.409833	1.694025
2.418030	1.678098
2.426227	1.675550
2.434424	1.692433
2.442620	1.681284
2.450817	1.687336
2.459014	1.672046
2.467210	1.672683
2.475407	1.680965
2.483604	1.665357
2.491801	1.676824
2.499997	1.678098
2.508194	1.682876
2.516391	1.673320
2.524587	1.661534
2.532784	1.672046
2.540981	1.667587
2.549178	1.694981
2.557374	1.682558
2.565571	1.687017
2.573768	1.667587
2.581964	1.686062
2.590161	1.688292
2.598358	1.672365
2.606555	1.688929
2.614751	1.690521
2.622948	1.687973
2.631145	1.649749
2.639341	1.673957
2.647538	1.685425
2.655735	1.678098
2.663932	1.689884
2.672128	1.674276
2.680325	1.671409
2.688522	1.687336
2.696718	1.673639
2.704915	1.678417
2.713112	1.694981
2.721309	1.684788
2.729505	1.676824
2.737702	1.692433
2.745899	1.644652
2.754095	1.690521
2.762292	1.676824
2.770489	1.673320
2.778686	1.691158
2.786882	1.678735
2.795079	1.670135
2.803276	1.676506
2.811472	1.676824
2.819669	1.685743
2.827866	1.660897
2.836063	1.687336
2.844259	1.687655
2.852456	1.682558
2.860653	1.678098
2.868849	1.683514
2.877046	1.688292
2.885243	1.679691
2.893440	1.688610
2.901636	1.676824
2.909833	1.674594
2.918030	1.683514
2.926226	1.682876
2.934423	1.662490
2.942620	1.694981
2.950816	1.675869
2.959013	1.678417
2.967210	1.687973
2.975407	1.670772
2.983603	1.662171
2.991800	1.673320
2.999997	1.686380
3.008193	1.660260
3.016390	1.689566
3.024587	1.683514
3.032784	1.664083
3.040980	1.677780
3.049177	1.684151
3.057374	1.669498
3.065570	1.686699
3.073767	1.670772
3.081964	1.698166
3.090161	1.688292
3.098357	1.680328
3.106554	1.692114
3.114751	1.668542
3.122947	1.682876
3.131144	1.688929
3.139341	1.674594
3.147538	1.676187
3.155734	1.676824
3.163931	1.696255
3.172128	1.667905
3.180324	1.679691
3.188521	1.687336
3.196718	1.674594
3.204915	1.691796
3.213111	1.660579
3.221308	1.676824
3.229505	1.675232
3.237701	1.692433
3.245898	1.676824
3.254095	1.680965
3.262292	1.684151
3.270488	1.682876
3.278685	1.682558
3.286882	1.687973
3.295078	1.678735
3.303275	1.686062
3.311472	1.675869
3.319669	1.667905
3.327865	1.684788
3.336062	1.694025
3.344259	1.670135
3.352455	1.686062
3.360652	1.682558
3.368849	1.692433
3.377046	1.674594
3.385242	1.676506
3.393439	1.673639
3.401636	1.689566
3.409832	1.670772
3.418029	1.670135
3.426226	1.684788
3.434423	1.684151
3.442619	1.685743
3.450816	1.681921
3.459013	1.680328
3.467209	1.690840
3.475406	1.672365
3.483603	1.676506
3.491800	1.687973
3.499996	1.676506
3.508193	1.672046
3.516390	1.682239
3.524586	1.684788
3.532783	1.678417
3.540980	1.677461
3.549177	1.675232
3.557373	1.670135
3.565570	1.672683
3.573767	1.683195
3.581963	1.673957
3.590160	1.685743
3.598357	1.678735
3.606553	1.676187
3.614750	1.676506
3.622947	1.681284
3.631144	1.677780
3.639340	1.701033
3.647537	1.689566
3.655734	1.679054
3.663930	1.681284
3.672127	1.679691
3.680324	1.686380
3.688521	1.692751
3.696717	1.669179
3.704914	1.678098
3.713111	1.694981
3.721307	1.672365
3.729504	1.690521
3.737701	1.671409
3.745898	1.691158
3.754094	1.687017
3.762291	1.677780
3.770488	1.675869
3.778684	1.680647
3.786881	1.682876
3.795078	1.681284
3.803275	1.694981
3.811471	1.660897
3.819668	1.665357
3.827865	1.688610
3.836061	1.684788
3.844258	1.665038
3.852455	1.683514
3.860652	1.676187
3.868848	1.676824
3.877045	1.666950
3.885242	1.689247
3.893438	1.667905
3.901635	1.682558
3.909832	1.673320
3.918029	1.686380
3.926225	1.677780
3.934422	1.680965
3.942619	1.662490
3.950815	1.684151
3.959012	1.690203
3.967209	1.676187
3.975406	1.679691
3.983602	1.671409
3.991799	1.635414
3.999996	1.690521
4.008192	1.664083
4.016389	1.674276
4.024586	1.680965
4.032783	1.671728
4.040979	1.686699
4.049176	1.683514
4.057373	1.687017
4.065569	1.671409
4.073766	1.692114
4.081963	1.687017
4.090160	1.687973
4.098356	1.672046
4.106553	1.692751
4.114750	1.676824
4.122946	1.667905
4.131143	1.686062
4.139340	1.684788
4.147537	1.672046
4.155733	1.683514
4.163930	1.682239
4.172127	1.673002
4.180323	1.688610
4.188520	1.685425
4.196717	1.680010
4.204914	1.668861
4.213110	1.689247
4.221307	1.673320
4.229504	1.672046
4.237700	1.681284
4.245897	1.657075
4.254094	1.681284
4.262290	1.670772
4.270487	1.686699
4.278684	1.682558
4.286881	1.685743
4.295077	1.682558
4.303274	1.685106
4.311471	1.675869
4.319667	1.669816
4.327864	1.687655
4.336061	1.660579
4.344258	1.682876
4.352454	1.683195
4.360651	1.664720
4.368848	1.660579
4.377044	1.691477
4.385241	1.664720
4.393438	1.682239
4.401635	1.679691
4.409831	1.663446
4.418028	1.681602
4.426225	1.675232
4.434421	1.682876
4.442618	1.672046
4.450815	1.663764
4.459012	1.666950
4.467208	1.677461
4.475405	1.672365
4.483602	1.686699
4.491798	1.685106
4.499995	1.671409
4.508192	1.661853
4.516389	1.687973
4.524585	1.683832
4.532782	1.679373
4.540979	1.668542
4.549175	1.683514
4.557372	1.676187
4.565569	1.675550
4.573766	1.685106
4.581962	1.677780
4.590159	1.676506
4.598356	1.677143
4.606552	1.676506
4.614749	1.684469
4.622946	1.689884
4.631143	1.659942
4.639339	1.688610
4.647536	1.675232
4.655733	1.672046
4.663929	1.671728
4.672126	1.685743
4.680323	1.682239
4.688520	1.684151
4.696716	1.686380
4.704913	1.674594
4.713110	1.673639
4.721306	1.681284
4.729503	1.689247
4.737700	1.654208
4.745897	1.684151
4.754093	1.676187
4.762290	1.674913
4.770487	1.686062
4.778683	1.654527
4.786880	1.676187
4.795077	1.673957
4.803274	1.690521
4.811470	1.673639
4.819667	1.690521
4.827864	1.673002
4.836060	1.668542
4.844257	1.690840
4.852454	1.682239
4.860651	1.682558
4.868847	1.668224
4.877044	1.686699
4.885241	1.666631
4.893437	1.669498
4.901634	1.688610
4.909831	1.669816
4.918027	1.667905
4.926224	1.678735
4.934421	1.691158
4.942618	1.683832
4.950814	1.670772
4.959011	1.673002
4.967208	1.688610
4.975404	1.684788
4.983601	1.688292
4.991798	1.679054

