LabVIEW Measurement	
Writer_Version	2
Reader_Version	2
Separator	Tab
Decimal_Separator	.
Multi_Headings	Yes
X_Columns	One
Time_Pref	Absolute
Operator	labuser
Date	2023/05/24
Time	11:10:52.8395197874995696509
***End_of_Header***	
	
Channels	1	
Samples	610	
Date	2023/05/24	
Time	11:10:52.8395197874995696509	
Y_Unit_Label	Volts	
X_Dimension	Time	
X0	0.0000000000000000E+0	
Delta_X	0.008197	
***End_of_Header***		
X_Value	Voltage	Comment
0.000000	1.648156
0.008197	1.649430
0.016393	1.649749
0.024590	1.645926
0.032787	1.646882
0.040984	1.649111
0.049180	1.649749
0.057377	1.649749
0.065574	1.648793
0.073770	1.648474
0.081967	1.648793
0.090164	1.650704
0.098361	1.650704
0.106557	1.650067
0.114754	1.649430
0.122951	1.648793
0.131147	1.648793
0.139344	1.649430
0.147541	1.649430
0.155738	1.645608
0.163934	1.646882
0.172131	1.647519
0.180328	1.649430
0.188524	1.650386
0.196721	1.650067
0.204918	1.649430
0.213115	1.648474
0.221311	1.650386
0.229508	1.650386
0.237705	1.651978
0.245901	1.648793
0.254098	1.648793
0.262295	1.648156
0.270492	1.649111
0.278688	1.649749
0.286885	1.649749
0.295082	1.648793
0.303278	1.645926
0.311475	1.646882
0.319672	1.648793
0.327869	1.650067
0.336065	1.649430
0.344262	1.649430
0.352459	1.649111
0.360655	1.651978
0.368852	1.651978
0.377049	1.651023
0.385245	1.649430
0.393442	1.648474
0.401639	1.650067
0.409836	1.650067
0.418032	1.648474
0.426229	1.647837
0.434426	1.649749
0.442622	1.651023
0.450819	1.650386
0.459016	1.649430
0.467213	1.649111
0.475409	1.652297
0.483606	1.650386
0.491803	1.649111
0.499999	1.649749
0.508196	1.649430
0.516393	1.650386
0.524590	1.648793
0.532786	1.646882
0.540983	1.649749
0.549180	1.650386
0.557376	1.651023
0.565573	1.650704
0.573770	1.650704
0.581967	1.654208
0.590163	1.651023
0.598360	1.650067
0.606557	1.650067
0.614753	1.650704
0.622950	1.651023
0.631147	1.648793
0.639344	1.648156
0.647540	1.650704
0.655737	1.652934
0.663934	1.651023
0.672130	1.651023
0.680327	1.651660
0.688524	1.654208
0.696721	1.651023
0.704917	1.649749
0.713114	1.649111
0.721311	1.650386
0.729507	1.651341
0.737704	1.647837
0.745901	1.648156
0.754098	1.650704
0.762294	1.651341
0.770491	1.650386
0.778688	1.649749
0.786884	1.651978
0.795081	1.653571
0.803278	1.650704
0.811475	1.649749
0.819671	1.649111
0.827868	1.651341
0.836065	1.650386
0.844261	1.648474
0.852458	1.650067
0.860655	1.651978
0.868852	1.651978
0.877048	1.651341
0.885245	1.651978
0.893442	1.652934
0.901638	1.650704
0.909835	1.650067
0.918032	1.650067
0.926229	1.651660
0.934425	1.650067
0.942622	1.647519
0.950819	1.650386
0.959015	1.650386
0.967212	1.651341
0.975409	1.650067
0.983606	1.650704
0.991802	1.653252
0.999999	1.651660
1.008196	1.650386
1.016392	1.649749
1.024589	1.651023
1.032786	1.651978
1.040982	1.650067
1.049179	1.648793
1.057376	1.652297
1.065573	1.652615
1.073769	1.652615
1.081966	1.651023
1.090163	1.651978
1.098359	1.654527
1.106556	1.652934
1.114753	1.651341
1.122950	1.650386
1.131146	1.651660
1.139343	1.651341
1.147540	1.649430
1.155736	1.650386
1.163933	1.652615
1.172130	1.650386
1.180327	1.649749
1.188523	1.651660
1.196720	1.653252
1.204917	1.650704
1.213113	1.651660
1.221310	1.651023
1.229507	1.652297
1.237704	1.649430
1.245900	1.649430
1.254097	1.650704
1.262294	1.651341
1.270490	1.651660
1.278687	1.650386
1.286884	1.651978
1.295081	1.653889
1.303277	1.653889
1.311474	1.651341
1.319671	1.651341
1.327867	1.651341
1.336064	1.652615
1.344261	1.651341
1.352458	1.649749
1.360654	1.649430
1.368851	1.652615
1.377048	1.652297
1.385244	1.653252
1.393441	1.651660
1.401638	1.651978
1.409835	1.652934
1.418031	1.654527
1.426228	1.652934
1.434425	1.651341
1.442621	1.651978
1.450818	1.651660
1.459015	1.651978
1.467212	1.651978
1.475408	1.650704
1.483605	1.648474
1.491802	1.649749
1.499998	1.652297
1.508195	1.652934
1.516392	1.652615
1.524589	1.652297
1.532785	1.651978
1.540982	1.653571
1.549179	1.654208
1.557375	1.653889
1.565572	1.651978
1.573769	1.651023
1.581966	1.650386
1.590162	1.651660
1.598359	1.651341
1.606556	1.650386
1.614752	1.649749
1.622949	1.650704
1.631146	1.652615
1.639342	1.652934
1.647539	1.652615
1.655736	1.651660
1.663933	1.651660
1.672129	1.652297
1.680326	1.654527
1.688523	1.654208
1.696719	1.653252
1.704916	1.651023
1.713113	1.652297
1.721310	1.651660
1.729506	1.652934
1.737703	1.652297
1.745900	1.649749
1.754096	1.649430
1.762293	1.651023
1.770490	1.653571
1.778687	1.652615
1.786883	1.652615
1.795080	1.651341
1.803277	1.652615
1.811473	1.654527
1.819670	1.654527
1.827867	1.651978
1.836064	1.650386
1.844260	1.651023
1.852457	1.651341
1.860654	1.652615
1.868850	1.651978
1.877047	1.648474
1.885244	1.649749
1.893441	1.650386
1.901637	1.652615
1.909834	1.651978
1.918031	1.652615
1.926227	1.651023
1.934424	1.653252
1.942621	1.654845
1.950818	1.652615
1.959014	1.651660
1.967211	1.651341
1.975408	1.653252
1.983604	1.651660
1.991801	1.649749
1.999998	1.650704
2.008195	1.652615
2.016391	1.652615
2.024588	1.652615
2.032785	1.651341
2.040981	1.652934
2.049178	1.653889
2.057375	1.652934
2.065572	1.651341
2.073768	1.650386
2.081965	1.651660
2.090162	1.652615
2.098358	1.651660
2.106555	1.650386
2.114752	1.649111
2.122949	1.651341
2.131145	1.652934
2.139342	1.652297
2.147539	1.652615
2.155735	1.651660
2.163932	1.651978
2.172129	1.654845
2.180326	1.653889
2.188522	1.651341
2.196719	1.651023
2.204916	1.651023
2.213112	1.651023
2.221309	1.649111
2.229506	1.648793
2.237703	1.651341
2.245899	1.651660
2.254096	1.651341
2.262293	1.651023
2.270489	1.652615
2.278686	1.653889
2.286883	1.651660
2.295079	1.650386
2.303276	1.650704
2.311473	1.652615
2.319670	1.650067
2.327866	1.648474
2.336063	1.651023
2.344260	1.651978
2.352456	1.651978
2.360653	1.651341
2.368850	1.650704
2.377047	1.653571
2.385243	1.653889
2.393440	1.651341
2.401637	1.651023
2.409833	1.650386
2.418030	1.651023
2.426227	1.651660
2.434424	1.649430
2.442620	1.647837
2.450817	1.650067
2.459014	1.651660
2.467210	1.652615
2.475407	1.652615
2.483604	1.651341
2.491801	1.653889
2.499997	1.654527
2.508194	1.652615
2.516391	1.651341
2.524587	1.650704
2.532784	1.651978
2.540981	1.651660
2.549178	1.648474
2.557374	1.649749
2.565571	1.651978
2.573768	1.652615
2.581964	1.651978
2.590161	1.650704
2.598358	1.653571
2.606555	1.653889
2.614751	1.652615
2.622948	1.650704
2.631145	1.651023
2.639341	1.650386
2.647538	1.651978
2.655735	1.650386
2.663932	1.648474
2.672128	1.650067
2.680325	1.651341
2.688522	1.651660
2.696718	1.651341
2.704915	1.651023
2.713112	1.652615
2.721309	1.653889
2.729505	1.650704
2.737702	1.650067
2.745899	1.650386
2.754095	1.650704
2.762292	1.651023
2.770489	1.649111
2.778686	1.650067
2.786882	1.652297
2.795079	1.652934
2.803276	1.651978
2.811472	1.651023
2.819669	1.652934
2.827866	1.654208
2.836063	1.651341
2.844259	1.650067
2.852456	1.650067
2.860653	1.651978
2.868849	1.651023
2.877046	1.649111
2.885243	1.650386
2.893440	1.652615
2.901636	1.651978
2.909833	1.651341
2.918030	1.651341
2.926226	1.653252
2.934423	1.653252
2.942620	1.651660
2.950816	1.651341
2.959013	1.650386
2.967210	1.651341
2.975407	1.651660
2.983603	1.649111
2.991800	1.649111
2.999997	1.650386
3.008193	1.652297
3.016390	1.651978
3.024587	1.650704
3.032784	1.651023
3.040980	1.652615
3.049177	1.652615
3.057374	1.649749
3.065570	1.649749
3.073767	1.649430
3.081964	1.650386
3.090161	1.651023
3.098357	1.650067
3.106554	1.647519
3.114751	1.647837
3.122947	1.649749
3.131144	1.650704
3.139341	1.651660
3.147538	1.649749
3.155734	1.649749
3.163931	1.651341
3.172128	1.653252
3.180324	1.651660
3.188521	1.650386
3.196718	1.649430
3.204915	1.650386
3.213111	1.651023
3.221308	1.647837
3.229505	1.648793
3.237701	1.651341
3.245898	1.651341
3.254095	1.650386
3.262292	1.651341
3.270488	1.652934
3.278685	1.652615
3.286882	1.650386
3.295078	1.650386
3.303275	1.650067
3.311472	1.651341
3.319669	1.650704
3.327865	1.647519
3.336062	1.651023
3.344259	1.651978
3.352455	1.651978
3.360652	1.650704
3.368849	1.651023
3.377046	1.651660
3.385242	1.652615
3.393439	1.651978
3.401636	1.649749
3.409832	1.650067
3.418029	1.650704
3.426226	1.651978
3.434423	1.648793
3.442619	1.648156
3.450816	1.650704
3.459013	1.651660
3.467209	1.650386
3.475406	1.651023
3.483603	1.653571
3.491800	1.653571
3.499996	1.651660
3.508193	1.651341
3.516390	1.651023
3.524586	1.652934
3.532783	1.649111
3.540980	1.649749
3.549177	1.651341
3.557373	1.651023
3.565570	1.650067
3.573767	1.651023
3.581963	1.652615
3.590160	1.650704
3.598357	1.649749
3.606553	1.650386
3.614750	1.651023
3.622947	1.648793
3.631144	1.647519
3.639340	1.650067
3.647537	1.651978
3.655734	1.651023
3.663930	1.650386
3.672127	1.652297
3.680324	1.652615
3.688521	1.650386
3.696717	1.649111
3.704914	1.649430
3.713111	1.651341
3.721307	1.647837
3.729504	1.648156
3.737701	1.650386
3.745898	1.651023
3.754094	1.650704
3.762291	1.649749
3.770488	1.651660
3.778684	1.652615
3.786881	1.651023
3.795078	1.649430
3.803275	1.648793
3.811471	1.650386
3.819668	1.649430
3.827865	1.649111
3.836061	1.648156
3.844258	1.650704
3.852455	1.651023
3.860652	1.651341
3.868848	1.650704
3.877045	1.651660
3.885242	1.652934
3.893438	1.651660
3.901635	1.650386
3.909832	1.649111
3.918029	1.649430
3.926225	1.651023
3.934422	1.648474
3.942619	1.647200
3.950815	1.650067
3.959012	1.650704
3.967209	1.651023
3.975406	1.651023
3.983602	1.650386
3.991799	1.652297
3.999996	1.651660
4.008192	1.650067
4.016389	1.649430
4.024586	1.648474
4.032783	1.650067
4.040979	1.649111
4.049176	1.647200
4.057373	1.649111
4.065569	1.650704
4.073766	1.650704
4.081963	1.649430
4.090160	1.649749
4.098356	1.651660
4.106553	1.653889
4.114750	1.651023
4.122946	1.650704
4.131143	1.649749
4.139340	1.650704
4.147537	1.650386
4.155733	1.647837
4.163930	1.647837
4.172127	1.649749
4.180323	1.650386
4.188520	1.649749
4.196717	1.649430
4.204914	1.648793
4.213110	1.652934
4.221307	1.651023
4.229504	1.648793
4.237700	1.649111
4.245897	1.650067
4.254094	1.650067
4.262290	1.646245
4.270487	1.648474
4.278684	1.649111
4.286881	1.651341
4.295077	1.651341
4.303274	1.649749
4.311471	1.651023
4.319667	1.654208
4.327864	1.651978
4.336061	1.650067
4.344258	1.650067
4.352454	1.650704
4.360651	1.650386
4.368848	1.647837
4.377044	1.648793
4.385241	1.651023
4.393438	1.651023
4.401635	1.649749
4.409831	1.648474
4.418028	1.651023
4.426225	1.652297
4.434421	1.650067
4.442618	1.648474
4.450815	1.649111
4.459012	1.651341
4.467208	1.649430
4.475405	1.646882
4.483602	1.650067
4.491798	1.650386
4.499995	1.651341
4.508192	1.649430
4.516389	1.651978
4.524585	1.652297
4.532782	1.651023
4.540979	1.650386
4.549175	1.649430
4.557372	1.649430
4.565569	1.646882
4.573766	1.649430
4.581962	1.650704
4.590159	1.650067
4.598356	1.649430
4.606552	1.653252
4.614749	1.651023
4.622946	1.650704
4.631143	1.649749
4.639339	1.650067
4.647536	1.647837
4.655733	1.647200
4.663929	1.650067
4.672126	1.649749
4.680323	1.650067
4.688520	1.648156
4.696716	1.651978
4.704913	1.651660
4.713110	1.649111
4.721306	1.648156
4.729503	1.648474
4.737700	1.650067
4.745897	1.647519
4.754093	1.647837
4.762290	1.649430
4.770487	1.651660
4.778683	1.650386
4.786880	1.649111
4.795077	1.650704
4.803274	1.652297
4.811470	1.650067
4.819667	1.647519
4.827864	1.648474
4.836060	1.650386
4.844257	1.649430
4.852454	1.647519
4.860651	1.648156
4.868847	1.649749
4.877044	1.650704
4.885241	1.649749
4.893437	1.650067
4.901634	1.651978
4.909831	1.651023
4.918027	1.649749
4.926224	1.648793
4.934421	1.649111
4.942618	1.649749
4.950814	1.648793
4.959011	1.647200
4.967208	1.648793
4.975404	1.650386
4.983601	1.650704
4.991798	1.650067

