LabVIEW Measurement	
Writer_Version	2
Reader_Version	2
Separator	Tab
Decimal_Separator	.
Multi_Headings	Yes
X_Columns	One
Time_Pref	Absolute
Operator	labuser
Date	2023/05/24
Time	11:06:18.3721319874998116616
***End_of_Header***	
	
Channels	1	
Samples	610	
Date	2023/05/24	
Time	11:06:18.3721319874998116616	
Y_Unit_Label	Volts	
X_Dimension	Time	
X0	0.0000000000000000E+0	
Delta_X	0.008197	
***End_of_Header***		
X_Value	Voltage	Comment
0.000000	1.615346
0.008197	1.658030
0.016393	1.619169
0.024590	1.633503
0.032787	1.587315
0.040984	1.635414
0.049180	1.637644
0.057377	1.608020
0.065574	1.656756
0.073770	1.575529
0.081967	1.655801
0.090164	1.607701
0.098361	1.647200
0.106557	1.616939
0.114754	1.638281
0.122951	1.633822
0.131147	1.631273
0.139344	1.630955
0.147541	1.628088
0.155738	1.645289
0.163934	1.626177
0.172131	1.654208
0.180328	1.624265
0.188524	1.673002
0.196721	1.635733
0.204918	1.672046
0.213115	1.626177
0.221311	1.609931
0.229508	1.636688
0.237705	1.602286
0.245901	1.640511
0.254098	1.597190
0.262295	1.636370
0.270492	1.606746
0.278688	1.669816
0.286885	1.635733
0.295082	1.676824
0.303278	1.634140
0.311475	1.641148
0.319672	1.629681
0.327869	1.618213
0.336065	1.621717
0.344262	1.589545
0.352459	1.659305
0.360655	1.608020
0.368852	1.658349
0.377049	1.638918
0.385245	1.675869
0.393442	1.620762
0.401639	1.672365
0.409836	1.634140
0.418032	1.625858
0.426229	1.643696
0.434426	1.615028
0.442622	1.645926
0.450819	1.572344
0.459016	1.642104
0.467213	1.614391
0.475409	1.636370
0.483606	1.623628
0.491803	1.646245
0.499999	1.626495
0.508196	1.636370
0.516393	1.635414
0.524590	1.582218
0.532786	1.639555
0.540983	1.579989
0.549180	1.671091
0.557376	1.628406
0.565573	1.645608
0.573770	1.634459
0.581967	1.621399
0.590163	1.638281
0.598360	1.617895
0.606557	1.646245
0.614753	1.585404
0.622950	1.657393
0.631147	1.624903
0.639344	1.640511
0.647540	1.616621
0.655737	1.644652
0.663934	1.632866
0.672130	1.622354
0.680327	1.632229
0.688524	1.606427
0.696721	1.622036
0.704917	1.621080
0.713114	1.655801
0.721311	1.620443
0.729507	1.576166
0.737704	1.624903
0.745901	1.638918
0.754098	1.635096
0.762294	1.608020
0.770491	1.645926
0.778688	1.621717
0.786884	1.610568
0.795081	1.587952
0.803278	1.628406
0.811475	1.613754
0.819671	1.649111
0.827868	1.629044
0.836065	1.627451
0.844261	1.631910
0.852458	1.612161
0.860655	1.664083
0.868852	1.562469
0.877048	1.651023
0.885245	1.598782
0.893442	1.650704
0.901638	1.622673
0.909835	1.624903
0.918032	1.644333
0.926229	1.627132
0.934425	1.632547
0.942622	1.604516
0.950819	1.622991
0.959015	1.635733
0.967212	1.663764
0.975409	1.626814
0.983606	1.638281
0.991802	1.627769
0.999999	1.554506
1.008196	1.647837
1.016392	1.587952
1.024589	1.587952
1.032786	1.624265
1.040982	1.664401
1.049179	1.620124
1.057376	1.635414
1.065573	1.638281
1.073769	1.606109
1.081966	1.646882
1.090163	1.622991
1.098359	1.614072
1.106556	1.625540
1.114753	1.608976
1.122950	1.611205
1.131146	1.688929
1.139343	1.631273
1.147540	1.636370
1.155736	1.632229
1.163933	1.607701
1.172130	1.636370
1.180327	1.611524
1.188523	1.675232
1.196720	1.605472
1.204917	1.693707
1.213113	1.625540
1.221310	1.644333
1.229507	1.634777
1.237704	1.621080
1.245900	1.646882
1.254097	1.591456
1.262294	1.675550
1.270490	1.615028
1.278687	1.661853
1.286884	1.623947
1.295081	1.641148
1.303277	1.633822
1.311474	1.617895
1.319671	1.646245
1.327867	1.576803
1.336064	1.667905
1.344261	1.605790
1.352458	1.673639
1.360654	1.615028
1.368851	1.651660
1.377048	1.627132
1.385244	1.634459
1.393441	1.645289
1.401638	1.603879
1.409835	1.648793
1.418031	1.587315
1.426228	1.666312
1.434425	1.577440
1.442621	1.642741
1.450818	1.626814
1.459015	1.636370
1.467212	1.650067
1.475408	1.592412
1.483605	1.633822
1.491802	1.594641
1.499998	1.653889
1.508195	1.576485
1.516392	1.653571
1.524589	1.612161
1.532785	1.646882
1.540982	1.622036
1.549179	1.599738
1.557375	1.603242
1.565572	1.587634
1.573769	1.664083
1.581966	1.627132
1.590162	1.669816
1.598359	1.616939
1.606556	1.657075
1.614752	1.639874
1.622949	1.631910
1.631146	1.628725
1.639342	1.606109
1.647539	1.656119
1.655736	1.559921
1.663933	1.643378
1.672129	1.634777
1.680326	1.650386
1.688523	1.630955
1.696719	1.708041
1.704916	1.638600
1.713113	1.605153
1.721310	1.640192
1.729506	1.568521
1.737703	1.652615
1.745900	1.597508
1.754096	1.655801
1.762293	1.596871
1.770490	1.652934
1.778687	1.618213
1.786883	1.651978
1.795080	1.630318
1.803277	1.690203
1.811473	1.634459
1.819670	1.578715
1.827867	1.640829
1.836064	1.570114
1.844260	1.650386
1.852457	1.630955
1.860654	1.663127
1.868850	1.620443
1.877047	1.644333
1.885244	1.632547
1.893441	1.626177
1.901637	1.626814
1.909834	1.612798
1.918031	1.593367
1.926227	1.607064
1.934424	1.650704
1.942621	1.590500
1.950818	1.660579
1.959014	1.571070
1.967211	1.661216
1.975408	1.630318
1.983604	1.614391
1.991801	1.633185
1.999998	1.635733
2.008195	1.633185
2.016391	1.628725
2.024588	1.624584
2.032785	1.624584
2.040981	1.620762
2.049178	1.587315
2.057375	1.587315
2.065572	1.604835
2.073768	1.628406
2.081965	1.626814
2.090162	1.625221
2.098358	1.631592
2.106555	1.629681
2.114752	1.630318
2.122949	1.613435
2.131145	1.650704
2.139342	1.617258
2.147539	1.671409
2.155735	1.608339
2.163932	1.678098
2.172129	1.629681
2.180326	1.692114
2.188522	1.636688
2.196719	1.649111
2.204916	1.634459
2.213112	1.643378
2.221309	1.647200
2.229506	1.579989
2.237703	1.635414
2.245899	1.585722
2.254096	1.677780
2.262293	1.564380
2.270489	1.651341
2.278686	1.617258
2.286883	1.626495
2.295079	1.629999
2.303276	1.628088
2.311473	1.634459
2.319670	1.622991
2.327866	1.647519
2.336063	1.620762
2.344260	1.652297
2.352456	1.602605
2.360653	1.653571
2.368850	1.619806
2.377047	1.642422
2.385243	1.631273
2.393440	1.625540
2.401637	1.625858
2.409833	1.581900
2.418030	1.643696
2.426227	1.619487
2.434424	1.622354
2.442620	1.597190
2.450817	1.676506
2.459014	1.619806
2.467210	1.621080
2.475407	1.629681
2.483604	1.649430
2.491801	1.638281
2.499997	1.658030
2.508194	1.613117
2.516391	1.629044
2.524587	1.642422
2.532784	1.629044
2.540981	1.611842
2.549178	1.605790
2.557374	1.634140
2.565571	1.590819
2.573768	1.641785
2.581964	1.639237
2.590161	1.618850
2.598358	1.627769
2.606555	1.650704
2.614751	1.631273
2.622948	1.631273
2.631145	1.637007
2.639341	1.618213
2.647538	1.652934
2.655735	1.611842
2.663932	1.655164
2.672128	1.618213
2.680325	1.633822
2.688522	1.622354
2.696718	1.674276
2.704915	1.630318
2.713112	1.638600
2.721309	1.624903
2.729505	1.619487
2.737702	1.582537
2.745899	1.570114
2.754095	1.638281
2.762292	1.641467
2.770489	1.629999
2.778686	1.626814
2.786882	1.551320
2.795079	1.627132
2.803276	1.642741
2.811472	1.624903
2.819669	1.638281
2.827866	1.632866
2.836063	1.579033
2.844259	1.659305
2.852456	1.605472
2.860653	1.661216
2.868849	1.624265
2.877046	1.661216
2.885243	1.621717
2.893440	1.639237
2.901636	1.631910
2.909833	1.600057
2.918030	1.614391
2.926226	1.572662
2.934423	1.669179
2.942620	1.608657
2.950816	1.648156
2.959013	1.606746
2.967210	1.597190
2.975407	1.635414
2.983603	1.627451
2.991800	1.635733
2.999997	1.627132
3.008193	1.628088
3.016390	1.577440
3.024587	1.681921
3.032784	1.627769
3.040980	1.665357
3.049177	1.623310
3.057374	1.637644
3.065570	1.629999
3.073767	1.626814
3.081964	1.623310
3.090161	1.580944
3.098357	1.641467
3.106554	1.607064
3.114751	1.673957
3.122947	1.622673
3.131144	1.663127
3.139341	1.633503
3.147538	1.622036
3.155734	1.648793
3.163931	1.618532
3.172128	1.653889
3.180324	1.582856
3.188521	1.699759
3.196718	1.622673
3.204915	1.652615
3.213111	1.635733
3.221308	1.627769
3.229505	1.614391
3.237701	1.621399
3.245898	1.607064
3.254095	1.632229
3.262292	1.639555
3.270488	1.612480
3.278685	1.657712
3.286882	1.640511
3.295078	1.624903
3.303275	1.653571
3.311472	1.617895
3.319669	1.667587
3.327865	1.572025
3.336062	1.615346
3.344259	1.619806
3.352455	1.650067
3.360652	1.628088
3.368849	1.631910
3.377046	1.637007
3.385242	1.624584
3.393439	1.667268
3.401636	1.608657
3.409832	1.644333
3.418029	1.615983
3.426226	1.627769
3.434423	1.622354
3.442619	1.627132
3.450816	1.638281
3.459013	1.628406
3.467209	1.671091
3.475406	1.598145
3.483603	1.577440
3.491800	1.628725
3.499996	1.629999
3.508193	1.638281
3.516390	1.590182
3.524586	1.651660
3.532783	1.588908
3.540980	1.622991
3.549177	1.623628
3.557373	1.615028
3.565570	1.637644
3.573767	1.601968
3.581963	1.638600
3.590160	1.562788
3.598357	1.663446
3.606553	1.616302
3.614750	1.659623
3.622947	1.639237
3.631144	1.632547
3.639340	1.631910
3.647537	1.573936
3.655734	1.626177
3.663930	1.621399
3.672127	1.665994
3.680324	1.617576
3.688521	1.659623
3.696717	1.631273
3.704914	1.634777
3.713111	1.641148
3.721307	1.613117
3.729504	1.668542
3.737701	1.593367
3.745898	1.679054
3.754094	1.622036
3.762291	1.653889
3.770488	1.630636
3.778684	1.639874
3.786881	1.638281
3.795078	1.620443
3.803275	1.645608
3.811471	1.572662
3.819668	1.651341
3.827865	1.616939
3.836061	1.687973
3.844258	1.621717
3.852455	1.654527
3.860652	1.623310
3.868848	1.612161
3.877045	1.622354
3.885242	1.584767
3.893438	1.651023
3.901635	1.593367
3.909832	1.672046
3.918029	1.629999
3.926225	1.666312
3.934422	1.634777
3.942619	1.644970
3.950815	1.633503
3.959012	1.615983
3.967209	1.634459
3.975406	1.628406
3.983602	1.653889
3.991799	1.614391
3.999996	1.674276
4.008192	1.631592
4.016389	1.629362
4.024586	1.633822
4.032783	1.629999
4.040979	1.641148
4.049176	1.604516
4.057373	1.658668
4.065569	1.598464
4.073766	1.678417
4.081963	1.618850
4.090160	1.669179
4.098356	1.635733
4.106553	1.622673
4.114750	1.617258
4.122946	1.617258
4.131143	1.651660
4.139340	1.570433
4.147537	1.656438
4.155733	1.616939
4.163930	1.645926
4.172127	1.622354
4.180323	1.653889
4.188520	1.630318
4.196717	1.629044
4.204914	1.633503
4.213110	1.623947
4.221307	1.620762
4.229504	1.593367
4.237700	1.671409
4.245897	1.626177
4.254094	1.676506
4.262290	1.628088
4.270487	1.629044
4.278684	1.633185
4.286881	1.622036
4.295077	1.647200
4.303274	1.606746
4.311471	1.674594
4.319667	1.615983
4.327864	1.682876
4.336061	1.632547
4.344258	1.627451
4.352454	1.634459
4.360651	1.612798
4.368848	1.640192
4.377044	1.592412
4.385241	1.606427
4.393438	1.608020
4.401635	1.658986
4.409831	1.634777
4.418028	1.629362
4.426225	1.632866
4.434421	1.639874
4.442618	1.637326
4.450815	1.608020
4.459012	1.638918
4.467208	1.550046
4.475405	1.673639
4.483602	1.628406
4.491798	1.700396
4.499995	1.640192
4.508192	1.646563
4.516389	1.631273
4.524585	1.617258
4.532782	1.631592
4.540979	1.601649
4.549175	1.654208
4.557372	1.590500
4.565569	1.648156
4.573766	1.608020
4.581962	1.647519
4.590159	1.622991
4.598356	1.693388
4.606552	1.629999
4.614749	1.624584
4.622946	1.621080
4.631143	1.620762
4.639339	1.644333
4.647536	1.609931
4.655733	1.664401
4.663929	1.594960
4.672126	1.671091
4.680323	1.630318
4.688520	1.651341
4.696716	1.632547
4.704913	1.634140
4.713110	1.639874
4.721306	1.611205
4.729503	1.640829
4.737700	1.630318
4.745897	1.647837
4.754093	1.585404
4.762290	1.657712
4.770487	1.616621
4.778683	1.701352
4.786880	1.632866
4.795077	1.656119
4.803274	1.629681
4.811470	1.617258
4.819667	1.646563
4.827864	1.602286
4.836060	1.639237
4.844257	1.568521
4.852454	1.664083
4.860651	1.604198
4.868847	1.690521
4.877044	1.626177
4.885241	1.628088
4.893437	1.632547
4.901634	1.620124
4.909831	1.637007
4.918027	1.639237
4.926224	1.651341
4.934421	1.580626
4.942618	1.666631
4.950814	1.597190
4.959011	1.641785
4.967208	1.622036
4.975404	1.665357
4.983601	1.629044
4.991798	1.604516

