LabVIEW Measurement	
Writer_Version	2
Reader_Version	2
Separator	Tab
Decimal_Separator	.
Multi_Headings	Yes
X_Columns	One
Time_Pref	Absolute
Operator	labuser
Date	2023/05/24
Time	11:28:18.8223144874995785597
***End_of_Header***	
	
Channels	1	
Samples	610	
Date	2023/05/24	
Time	11:28:18.8223144874995785597	
Y_Unit_Label	Volts	
X_Dimension	Time	
X0	0.0000000000000000E+0	
Delta_X	0.008197	
***End_of_Header***		
X_Value	Voltage	Comment
0.000000	1.657712
0.008197	1.679054
0.016393	1.636051
0.024590	1.647837
0.032787	1.691158
0.040984	1.543038
0.049180	1.651978
0.057377	1.663764
0.065574	1.681921
0.073770	1.690521
0.081967	1.627132
0.090164	1.711545
0.098361	1.693070
0.106557	1.683832
0.114754	1.682876
0.122951	1.683832
0.131147	1.685743
0.139344	1.639874
0.147541	1.694344
0.155738	1.640829
0.163934	1.668224
0.172131	1.667905
0.180328	1.721738
0.188524	1.659305
0.196721	1.648156
0.204918	1.697529
0.213115	1.669816
0.221311	1.691158
0.229508	1.689884
0.237705	1.699440
0.245901	1.701670
0.254098	1.687017
0.262295	1.687655
0.270492	1.672683
0.278688	1.689247
0.286885	1.665357
0.295082	1.691477
0.303278	1.678098
0.311475	1.618850
0.319672	1.633822
0.327869	1.684788
0.336065	1.680965
0.344262	1.673320
0.352459	1.711863
0.360655	1.674913
0.368852	1.716004
0.377049	1.602286
0.385245	1.677143
0.393442	1.623310
0.401639	1.560558
0.409836	1.660260
0.418032	1.688929
0.426229	1.666950
0.434426	1.686062
0.442622	1.680965
0.450819	1.597827
0.459016	1.701352
0.467213	1.647200
0.475409	1.650386
0.483606	1.681602
0.491803	1.668224
0.499999	1.668861
0.508196	1.675550
0.516393	1.681921
0.524590	1.678098
0.532786	1.674594
0.540983	1.708359
0.549180	1.694981
0.557376	1.692114
0.565573	1.706448
0.573770	1.697529
0.581967	1.664401
0.590163	1.710271
0.598360	1.692751
0.606557	1.668224
0.614753	1.669498
0.622950	1.677780
0.631147	1.672046
0.639344	1.679373
0.647540	1.721738
0.655737	1.646882
0.663934	1.565017
0.672130	1.696574
0.680327	1.596553
0.688524	1.697211
0.696721	1.644652
0.704917	1.648793
0.713114	1.676187
0.721311	1.674276
0.729507	1.598145
0.737704	1.685743
0.745901	1.673957
0.754098	1.658349
0.762294	1.621080
0.770491	1.676824
0.778688	1.659623
0.786884	1.705493
0.795081	1.649111
0.803278	1.696892
0.811475	1.694025
0.819671	1.693388
0.827868	1.684469
0.836065	1.691158
0.844261	1.671409
0.852458	1.661534
0.860655	1.686699
0.868852	1.694344
0.877048	1.650067
0.885245	1.611205
0.893442	1.594960
0.901638	1.674276
0.909835	1.634140
0.918032	1.671409
0.926229	1.612798
0.934425	1.680010
0.942622	1.680010
0.950819	1.713775
0.959015	1.628088
0.967212	1.710908
0.975409	1.678098
0.983606	1.660260
0.991802	1.688292
0.999999	1.674913
1.008196	1.587634
1.016392	1.686699
1.024589	1.669179
1.032786	1.702307
1.040982	1.686062
1.049179	1.673957
1.057376	1.678735
1.065573	1.674594
1.073769	1.668861
1.081966	1.668224
1.090163	1.628406
1.098359	1.695618
1.106556	1.701989
1.114753	1.690840
1.122950	1.659942
1.131146	1.659942
1.139343	1.692751
1.147540	1.674594
1.155736	1.673320
1.163933	1.673002
1.172130	1.662490
1.180327	1.679691
1.188523	1.677780
1.196720	1.653889
1.204917	1.678735
1.213113	1.654208
1.221310	1.698485
1.229507	1.677461
1.237704	1.685743
1.245900	1.656119
1.254097	1.664401
1.262294	1.689247
1.270490	1.678735
1.278687	1.678735
1.286884	1.710589
1.295081	1.656119
1.303277	1.684151
1.311474	1.671409
1.319671	1.686380
1.327867	1.659623
1.336064	1.678417
1.344261	1.685425
1.352458	1.694025
1.360654	1.696574
1.368851	1.707404
1.377048	1.678735
1.385244	1.631273
1.393441	1.667905
1.401638	1.701670
1.409835	1.685425
1.418031	1.664401
1.426228	1.694344
1.434425	1.694662
1.442621	1.671728
1.450818	1.708359
1.459015	1.651341
1.467212	1.660897
1.475408	1.646882
1.483605	1.630955
1.491802	1.582856
1.499998	1.669498
1.508195	1.666950
1.516392	1.689884
1.524589	1.651023
1.532785	1.695618
1.540982	1.680647
1.549179	1.694662
1.557375	1.712182
1.565572	1.651660
1.573769	1.573618
1.581966	1.680647
1.590162	1.710908
1.598359	1.639237
1.606556	1.641148
1.614752	1.673957
1.622949	1.672683
1.631146	1.687017
1.639342	1.695299
1.647539	1.685425
1.655736	1.672683
1.663933	1.683832
1.672129	1.673639
1.680326	1.693388
1.688523	1.704537
1.696719	1.716004
1.704916	1.665038
1.713113	1.638281
1.721310	1.658986
1.729506	1.701989
1.737703	1.686699
1.745900	1.685106
1.754096	1.685106
1.762293	1.647519
1.770490	1.693388
1.778687	1.682558
1.786883	1.636051
1.795080	1.669816
1.803277	1.661853
1.811473	1.698485
1.819670	1.554506
1.827867	1.623628
1.836064	1.676824
1.844260	1.644652
1.852457	1.685743
1.860654	1.701033
1.868850	1.650067
1.877047	1.672683
1.885244	1.672046
1.893441	1.606746
1.901637	1.660579
1.909834	1.555780
1.918031	1.657712
1.926227	1.700396
1.934424	1.668542
1.942621	1.686062
1.950818	1.690521
1.959014	1.683514
1.967211	1.694981
1.975408	1.699759
1.983604	1.659942
1.991801	1.720782
1.999998	1.684151
2.008195	1.561832
2.016391	1.653252
2.024588	1.662490
2.032785	1.646563
2.040981	1.671409
2.049178	1.687655
2.057375	1.683514
2.065572	1.694981
2.073768	1.718234
2.081965	1.687655
2.090162	1.667268
2.098358	1.676506
2.106555	1.679054
2.114752	1.672683
2.122949	1.714093
2.131145	1.699122
2.139342	1.691158
2.147539	1.668861
2.155735	1.652615
2.163932	1.675232
2.172129	1.680965
2.180326	1.692433
2.188522	1.563425
2.196719	1.660897
2.204916	1.683832
2.213112	1.705493
2.221309	1.643059
2.229506	1.631592
2.237703	1.673639
2.245899	1.708359
2.254096	1.707404
2.262293	1.680328
2.270489	1.684469
2.278686	1.674594
2.286883	1.693388
2.295079	1.688929
2.303276	1.689884
2.311473	1.687655
2.319670	1.677461
2.327866	1.689884
2.336063	1.682239
2.344260	1.681284
2.352456	1.656756
2.360653	1.673320
2.368850	1.640829
2.377047	1.675232
2.385243	1.520422
2.393440	1.682558
2.401637	1.573299
2.409833	1.694981
2.418030	1.566929
2.426227	1.676187
2.434424	1.672365
2.442620	1.698166
2.450817	1.658030
2.459014	1.687655
2.467210	1.570433
2.475407	1.687017
2.483604	1.704537
2.491801	1.669179
2.499997	1.697848
2.508194	1.644970
2.516391	1.706130
2.524587	1.679691
2.532784	1.679691
2.540981	1.694981
2.549178	1.574255
2.557374	1.723012
2.565571	1.667268
2.573768	1.670135
2.581964	1.688929
2.590161	1.705811
2.598358	1.664083
2.606555	1.693388
2.614751	1.708359
2.622948	1.678417
2.631145	1.699759
2.639341	1.648474
2.647538	1.640511
2.655735	1.688610
2.663932	1.694025
2.672128	1.699759
2.680325	1.651023
2.688522	1.676187
2.696718	1.701989
2.704915	1.704537
2.713112	1.643378
2.721309	1.658349
2.729505	1.679691
2.737702	1.666631
2.745899	1.690840
2.754095	1.701670
2.762292	1.682558
2.770489	1.699440
2.778686	1.658030
2.786882	1.591138
2.795079	1.680647
2.803276	1.547498
2.811472	1.698485
2.819669	1.686699
2.827866	1.704537
2.836063	1.694662
2.844259	1.666631
2.852456	1.631273
2.860653	1.691477
2.868849	1.638600
2.877046	1.678735
2.885243	1.692114
2.893440	1.697848
2.901636	1.688929
2.909833	1.659942
2.918030	1.683832
2.926226	1.701989
2.934423	1.633503
2.942620	1.613117
2.950816	1.652934
2.959013	1.682239
2.967210	1.711863
2.975407	1.683195
2.983603	1.659942
2.991800	1.674594
2.999997	1.694344
3.008193	1.673639
3.016390	1.684151
3.024587	1.680647
3.032784	1.710908
3.040980	1.682558
3.049177	1.611524
3.057374	1.672365
3.065570	1.697848
3.073767	1.668542
3.081964	1.686380
3.090161	1.532208
3.098357	1.656756
3.106554	1.649111
3.114751	1.689884
3.122947	1.678735
3.131144	1.680010
3.139341	1.704537
3.147538	1.705811
3.155734	1.683514
3.163931	1.641785
3.172128	1.611524
3.180324	1.689884
3.188521	1.669498
3.196718	1.685106
3.204915	1.685106
3.213111	1.636688
3.221308	1.682239
3.229505	1.692433
3.237701	1.668861
3.245898	1.675869
3.254095	1.689566
3.262292	1.691796
3.270488	1.685425
3.278685	1.637007
3.286882	1.637644
3.295078	1.712819
3.303275	1.651978
3.311472	1.691158
3.319669	1.678098
3.327865	1.698803
3.336062	1.686699
3.344259	1.668542
3.352455	1.714730
3.360652	1.676187
3.368849	1.615665
3.377046	1.662490
3.385242	1.688929
3.393439	1.675232
3.401636	1.637644
3.409832	1.679373
3.418029	1.662490
3.426226	1.680328
3.434423	1.693388
3.442619	1.612161
3.450816	1.693388
3.459013	1.538897
3.467209	1.669498
3.475406	1.662490
3.483603	1.630955
3.491800	1.693388
3.499996	1.643059
3.508193	1.697848
3.516390	1.671409
3.524586	1.676824
3.532783	1.655801
3.540980	1.701989
3.549177	1.665038
3.557373	1.682876
3.565570	1.699759
3.573767	1.666312
3.581963	1.687336
3.590160	1.698803
3.598357	1.679054
3.606553	1.696574
3.614750	1.677780
3.622947	1.662490
3.631144	1.690521
3.639340	1.669816
3.647537	1.628725
3.655734	1.633503
3.663930	1.714730
3.672127	1.683514
3.680324	1.694025
3.688521	1.684469
3.696717	1.727153
3.704914	1.680010
3.713111	1.665357
3.721307	1.650704
3.729504	1.694344
3.737701	1.651660
3.745898	1.686062
3.754094	1.467863
3.762291	1.683832
3.770488	1.702944
3.778684	1.692114
3.786881	1.612480
3.795078	1.670772
3.803275	1.680328
3.811471	1.685425
3.819668	1.674594
3.827865	1.666631
3.836061	1.691796
3.844258	1.650704
3.852455	1.673639
3.860652	1.683514
3.868848	1.715367
3.877045	1.716323
3.885242	1.642422
3.893438	1.666631
3.901635	1.671091
3.909832	1.646882
3.918029	1.685106
3.926225	1.608020
3.934422	1.707722
3.942619	1.624265
3.950815	1.687017
3.959012	1.604516
3.967209	1.675869
3.975406	1.678098
3.983602	1.705811
3.991799	1.665357
3.999996	1.697529
4.008192	1.709634
4.016389	1.678417
4.024586	1.671728
4.032783	1.706130
4.040979	1.717279
4.049176	1.599419
4.057373	1.664401
4.065569	1.663127
4.073766	1.718234
4.081963	1.705174
4.090160	1.640829
4.098356	1.694662
4.106553	1.556098
4.114750	1.697848
4.122946	1.688292
4.131143	1.692751
4.139340	1.662171
4.147537	1.616621
4.155733	1.678417
4.163930	1.714730
4.172127	1.525200
4.180323	1.687017
4.188520	1.670453
4.196717	1.648156
4.204914	1.683195
4.213110	1.550046
4.221307	1.629999
4.229504	1.710271
4.237700	1.654845
4.245897	1.657712
4.254094	1.669498
4.262290	1.651341
4.270487	1.691477
4.278684	1.679691
4.286881	1.692751
4.295077	1.673002
4.303274	1.606109
4.311471	1.650386
4.319667	1.680965
4.327864	1.669816
4.336061	1.654527
4.344258	1.706130
4.352454	1.687017
4.360651	1.713138
4.368848	1.700715
4.377044	1.655482
4.385241	1.694662
4.393438	1.664401
4.401635	1.707722
4.409831	1.653252
4.418028	1.667587
4.426225	1.667587
4.434421	1.663764
4.442618	1.694981
4.450815	1.697529
4.459012	1.694344
4.467208	1.585404
4.475405	1.671409
4.483602	1.646245
4.491798	1.711863
4.499995	1.660260
4.508192	1.694344
4.516389	1.679691
4.524585	1.703263
4.532782	1.685743
4.540979	1.705493
4.549175	1.659623
4.557372	1.629044
4.565569	1.720464
4.573766	1.685743
4.581962	1.671728
4.590159	1.600375
4.598356	1.692433
4.606552	1.668224
4.614749	1.675232
4.622946	1.659305
4.631143	1.667587
4.639339	1.683195
4.647536	1.682239
4.655733	1.689884
4.663929	1.702944
4.672126	1.630955
4.680323	1.712182
4.688520	1.571707
4.696716	1.696255
4.704913	1.685106
4.713110	1.680965
4.721306	1.675550
4.729503	1.694025
4.737700	1.688929
4.745897	1.673639
4.754093	1.692751
4.762290	1.660897
4.770487	1.688292
4.778683	1.657712
4.786880	1.662809
4.795077	1.641148
4.803274	1.696574
4.811470	1.673957
4.819667	1.686380
4.827864	1.575848
4.836060	1.644652
4.844257	1.705811
4.852454	1.691158
4.860651	1.399059
4.868847	1.685743
4.877044	1.658986
4.885241	1.651660
4.893437	1.641785
4.901634	1.624903
4.909831	1.673957
4.918027	1.646563
4.926224	1.625540
4.934421	1.685743
4.942618	1.544312
4.950814	1.677780
4.959011	1.645926
4.967208	1.626177
4.975404	1.693707
4.983601	1.701670
4.991798	1.679691

